1.0000	0.5264	0.5632	0.5632	0.5632	0.6168	0.6347	0.6443	0.5062	0.5437	0.5796	0.4660	0.5681	0.6462	0.6503	0.6065	0.6298	0.4633	0.6256	0.5894
0.5264	1.0000	0.4657	0.4657	0.4657	0.4820	0.5700	0.5178	0.6371	0.5663	0.5664	0.5435	0.5690	0.5624	0.4766	0.6594	0.5189	0.5206	0.5896	0.5480
0.5632	0.4657	1.0000	1.0000	1.0000	0.5192	0.5406	0.5757	0.4953	0.5629	0.5519	0.4292	0.5441	0.5482	0.5430	0.5398	0.5567	0.4234	0.5433	0.5403
0.5632	0.4657	1.0000	1.0000	1.0000	0.5192	0.5406	0.5757	0.4953	0.5629	0.5519	0.4292	0.5441	0.5482	0.5430	0.5398	0.5567	0.4234	0.5433	0.5403
0.5632	0.4657	1.0000	1.0000	1.0000	0.5192	0.5406	0.5757	0.4953	0.5629	0.5519	0.4292	0.5441	0.5482	0.5430	0.5398	0.5567	0.4234	0.5433	0.5403
0.6168	0.4820	0.5192	0.5192	0.5192	1.0000	0.6102	0.6506	0.4803	0.4952	0.5438	0.4495	0.5228	0.6362	0.6228	0.5480	0.6707	0.4469	0.5711	0.5661
0.6347	0.5700	0.5406	0.5406	0.5406	0.6102	1.0000	0.6101	0.5482	0.5798	0.6114	0.6809	0.5695	0.8825	0.5825	0.6424	0.6104	0.6843	0.6010	0.5885
0.6443	0.5178	0.5757	0.5757	0.5757	0.6506	0.6101	1.0000	0.5087	0.5411	0.5631	0.4556	0.5687	0.6285	0.6390	0.5803	0.6962	0.4536	0.6187	0.5622
0.5062	0.6371	0.4953	0.4953	0.4953	0.4803	0.5482	0.5087	1.0000	0.6182	0.5758	0.5304	0.6389	0.5429	0.4658	0.6221	0.5026	0.5501	0.5595	0.5177
0.5437	0.5663	0.5629	0.5629	0.5629	0.4952	0.5798	0.5411	0.6182	1.0000	0.6221	0.5260	0.5540	0.5785	0.4932	0.6581	0.5266	0.5208	0.5850	0.5826
0.5796	0.5664	0.5519	0.5519	0.5519	0.5438	0.6114	0.5631	0.5758	0.6221	1.0000	0.5439	0.5868	0.6136	0.5169	0.6374	0.5646	0.5215	0.6305	0.6811
0.4660	0.5435	0.4292	0.4292	0.4292	0.4495	0.6809	0.4556	0.5304	0.5260	0.5439	1.0000	0.4996	0.6646	0.4228	0.5617	0.4564	0.6878	0.5051	0.4923
0.5681	0.5690	0.5441	0.5441	0.5441	0.5228	0.5695	0.5687	0.6389	0.5540	0.5868	0.4996	1.0000	0.5648	0.5157	0.5901	0.5658	0.5431	0.6053	0.5859
0.6462	0.5624	0.5482	0.5482	0.5482	0.6362	0.8825	0.6285	0.5429	0.5785	0.6136	0.6646	0.5648	1.0000	0.6048	0.6356	0.6324	0.6584	0.6023	0.5919
0.6503	0.4766	0.5430	0.5430	0.5430	0.6228	0.5825	0.6390	0.4658	0.4932	0.5169	0.4228	0.5157	0.6048	1.0000	0.5417	0.6239	0.4204	0.5875	0.5374
0.6065	0.6594	0.5398	0.5398	0.5398	0.5480	0.6424	0.5803	0.6221	0.6581	0.6374	0.5617	0.5901	0.6356	0.5417	1.0000	0.5796	0.5549	0.6510	0.6255
0.6298	0.5189	0.5567	0.5567	0.5567	0.6707	0.6104	0.6962	0.5026	0.5266	0.5646	0.4564	0.5658	0.6324	0.6239	0.5796	1.0000	0.4551	0.5994	0.5960
0.4633	0.5206	0.4234	0.4234	0.4234	0.4469	0.6843	0.4536	0.5501	0.5208	0.5215	0.6878	0.5431	0.6584	0.4204	0.5549	0.4551	1.0000	0.4978	0.4751
0.6256	0.5896	0.5433	0.5433	0.5433	0.5711	0.6010	0.6187	0.5595	0.5850	0.6305	0.5051	0.6053	0.6023	0.5875	0.6510	0.5994	0.4978	1.0000	0.6096
0.5894	0.5480	0.5403	0.5403	0.5403	0.5661	0.5885	0.5622	0.5177	0.5826	0.6811	0.4923	0.5859	0.5919	0.5374	0.6255	0.5960	0.4751	0.6096	1.0000
