-------------------------------------------------------------------------------
 L       Percentage of nodes in the largest component
 D       Percentage of nodes in components of size at most 3 [-div option]
 R       Percentage of nodes not in L or D: 100 - L -D
 S       Percentage of nodes that are singletons
 E       Fraction of edges retained (input graph has 380)
 cce     Expected size of component, nodewise [ sum(sz^2) / sum^2(sz) ]
 EW      Edge weight traits (mean, median and IQR)
 ND      Node degree traits [mean, median and IQR]
 CCF     Clustering coefficient (scale 1-100)
 eff     Induced component efficiency relative to start graph (scale 1-1000)
Total number of nodes: 20
----------------------------------------------------------------------------------------------
  L   D   R   S     E     cce  EWmean   EWmed   EWiqr  NDmean   NDmed  NDiqr CCF  eff  Cutoff 
----------------------------------------------------------------------------------------------
100   0   0   0 0.832      20    0.59    0.57    0.07    15.8    17.5    4.5   -    -     0.50
100   0   0   0 0.811      20    0.59    0.57    0.07    15.4    16.5    3.5   -    -     0.51
100   0   0   0 0.768      20    0.59    0.57    0.07    14.6    15.5    5.5   -    -     0.52
100   0   0   0 0.732      20    0.60    0.58    0.07    13.9    14.5    4.5   -    -     0.53
100   0   0   0 0.705      20    0.60    0.58    0.07    13.4    14.5    5.5   -    -     0.54
100   0   0   0 0.553      20    0.62    0.60    0.07    10.5    11.5    7.5   -    -     0.55
100   0   0   0 0.500      20    0.62    0.61    0.06     9.5    11.5    8.5   -    -     0.56
100   0   0   0 0.389      20    0.64    0.62    0.05     7.4     7.5    7.5   -    -     0.57
 85  15   0   0 0.342      15    0.65    0.63    0.05     6.5     6.5    6.5   -    -     0.58
 85  15   0   0 0.289      15    0.66    0.63    0.04     5.5     5.5    5.5   -    -     0.59
 85  15   0   0 0.268      15    0.66    0.64    0.04     5.1     4.5    4.5   -    -     0.60
 85  15   0   0 0.237      15    0.67    0.64    0.04     4.5     4.5    4.5   -    -     0.61
 85  15   0   0 0.195      15    0.68    0.64    0.04     3.7     3.5    3.5   -    -     0.62
 85  15   0   0 0.153      15    0.70    0.65    0.04     2.9     2.5    1.5   -    -     0.63
 65  35   0  10 0.105       9    0.73    0.67    0.04     2.0     2.5    2.5   -    -     0.64
 20  60  20  10 0.089       3    0.74    0.68    0.04     1.7     2.5    1.5   -    -     0.65
 20  80   0  40 0.058       2    0.79    0.69    0.26     1.1     1.5    2.5   -    -     0.66
 20  80   0  40 0.053       2    0.80    0.69    0.32     1.0     1.5    2.5   -    -     0.67
 20  80   0  45 0.047       2    0.81    0.70    0.32     0.9     1.5    2.5   -    -     0.68
  0 100   0  65 0.026       2    0.92    1.00    0.12     0.5     0.5    1.5   -    -     0.69
  0 100   0  75 0.021       1    0.97    1.00    0.00     0.4     0.5    0.5   -    -     0.70
  0 100   0  75 0.021       1    0.97    1.00    0.00     0.4     0.5    0.5   -    -     0.71
  0 100   0  75 0.021       1    0.97    1.00    0.00     0.4     0.5    0.5   -    -     0.72
  0 100   0  75 0.021       1    0.97    1.00    0.00     0.4     0.5    0.5   -    -     0.73
  0 100   0  75 0.021       1    0.97    1.00    0.00     0.4     0.5    0.5   -    -     0.74
  0 100   0  75 0.021       1    0.97    1.00    0.00     0.4     0.5    0.5   -    -     0.75
  0 100   0  75 0.021       1    0.97    1.00    0.00     0.4     0.5    0.5   -    -     0.76
  0 100   0  75 0.021       1    0.97    1.00    0.00     0.4     0.5    0.5   -    -     0.77
  0 100   0  75 0.021       1    0.97    1.00    0.00     0.4     0.5    0.5   -    -     0.78
  0 100   0  75 0.021       1    0.97    1.00    0.00     0.4     0.5    0.5   -    -     0.79
  0 100   0  75 0.021       1    0.97    1.00    0.00     0.4     0.5    0.5   -    -     0.80
  0 100   0  75 0.021       1    0.97    1.00    0.00     0.4     0.5    0.5   -    -     0.81
  0 100   0  75 0.021       1    0.97    1.00    0.00     0.4     0.5    0.5   -    -     0.82
  0 100   0  75 0.021       1    0.97    1.00    0.00     0.4     0.5    0.5   -    -     0.83
  0 100   0  75 0.021       1    0.97    1.00    0.00     0.4     0.5    0.5   -    -     0.84
  0 100   0  75 0.021       1    0.97    1.00    0.00     0.4     0.5    0.5   -    -     0.85
  0 100   0  75 0.021       1    0.97    1.00    0.00     0.4     0.5    0.5   -    -     0.86
  0 100   0  75 0.021       1    0.97    1.00    0.00     0.4     0.5    0.5   -    -     0.87
  0 100   0  75 0.021       1    0.97    1.00    0.00     0.4     0.5    0.5   -    -     0.88
  0 100   0  85 0.016       1    1.00    1.00    0.00     0.3     0.5    0.5   -    -     0.89
  0 100   0  85 0.016       1    1.00    1.00    0.00     0.3     0.5    0.5   -    -     0.90
  0 100   0  85 0.016       1    1.00    1.00    0.00     0.3     0.5    0.5   -    -     0.91
  0 100   0  85 0.016       1    1.00    1.00    0.00     0.3     0.5    0.5   -    -     0.92
  0 100   0  85 0.016       1    1.00    1.00    0.00     0.3     0.5    0.5   -    -     0.93
  0 100   0  85 0.016       1    1.00    1.00    0.00     0.3     0.5    0.5   -    -     0.94
  0 100   0  85 0.016       1    1.00    1.00    0.00     0.3     0.5    0.5   -    -     0.95
  0 100   0  85 0.016       1    1.00    1.00    0.00     0.3     0.5    0.5   -    -     0.96
  0 100   0  85 0.016       1    1.00    1.00    0.00     0.3     0.5    0.5   -    -     0.97
  0 100   0  85 0.016       1    1.00    1.00    0.00     0.3     0.5    0.5   -    -     0.98
  0 100   0  85 0.016       1    1.00    1.00    0.00     0.3     0.5    0.5   -    -     0.99
---------------------------------------------------------------------------------------------
