1:	0.3086 0.1454 0.0769 0.4692 	55
2:	0.2865 0.0342 0.2094 0.4699 	45
3:	0.2037 0.0385 0.1635 0.5943 	60
4:	0.2193 0.0011 0.1606 0.6190 	59
5:	0.0000 0.9966 0.0020 0.0014 	30
6:	0.0000 0.9973 0.0011 0.0016 	27
7:	0.0000 0.9980 0.0010 0.0010 	30
8:	0.0000 0.9974 0.0017 0.0009 	28
9:	0.0000 0.9980 0.0007 0.0014 	30
10:	0.0000 0.9966 0.0023 0.0011 	28
11:	0.0045 0.9926 0.0016 0.0013 	30
12:	0.7621 0.1631 0.0418 0.0330 	30
13:	0.7462 0.1016 0.0176 0.1346 	30
14:	1.0000 0.0000 0.0000 0.0000 	2
15:	0.8302 0.1232 0.0233 0.0232 	30
16:	0.7330 0.1289 0.0784 0.0597 	30
