10 -2001495.97779
10 -2002328.349777
10 -2001174.959866
10 -2001174.881132
10 -2002262.067122
10 -2000973.331981
10 -2002268.78255
10 -2000973.640224
10 -2001174.996964
10 -2000973.291528
10 -2001496.106861
10 -2001794.888583
10 -2002298.512313
10 -2003846.364466
10 -2002435.030679
10 -2000973.408771
10 -2001174.889081
10 -2001794.918291
10 -2001175.31442
10 -2000973.377542
11 -1994656.60905
11 -1995951.471279
11 -1995975.688446
11 -1996083.397254
11 -1994656.645819
11 -1995975.575275
11 -1995952.512284
11 -1995995.178461
11 -1995924.509728
11 -1995986.767508
11 -1995251.429746
11 -1995958.765721
11 -1994656.597631
11 -1995986.261444
11 -1994656.309638
11 -1997351.414614
11 -1995924.897476
11 -1997344.685358
11 -1998938.923389
11 -1996550.307831
12 -1989709.215319
12 -1989638.576389
12 -1990323.435787
12 -1990323.663919
12 -1991466.927551
12 -1989480.499816
12 -1990791.216849
12 -1990241.854596
12 -1989709.029323
12 -1990324.720351
12 -1990778.999474
12 -1991039.512256
12 -1989709.140345
12 -1989648.250858
12 -1990775.700565
12 -1990396.120234
12 -1989480.355042
12 -1990246.555038
12 -1990903.499212
12 -1991478.640808
13 -1985229.071104
13 -1984559.473647
13 -1985898.319996
13 -1984904.166354
13 -1984810.363622
13 -1984878.330092
13 -1984471.631915
13 -1984471.247135
13 -1984564.480029
13 -1984562.923582
13 -1984564.418519
13 -1984609.900458
13 -1984484.248816
13 -1985198.928921
13 -1985425.115349
13 -1984879.688934
13 -1984560.694267
13 -1984561.685837
13 -1984653.061197
13 -1985425.959327
14 -1981360.62181
14 -1979899.18217
14 -1980192.515578
14 -1981328.588378
14 -1979883.612375
14 -1979811.508322
14 -1979807.911811
14 -1980395.270028
14 -1980705.342231
14 -1979726.090402
14 -1980035.62123
14 -1981767.556504
14 -1981373.885092
14 -1981831.946602
14 -1979660.344735
14 -1979726.099243
14 -1980614.158034
14 -1980173.398873
14 -1980173.437257
14 -1980085.654329
15 -1975684.365469
15 -1975475.341763
15 -1975353.533504
15 -1975518.406896
15 -1975661.793997
15 -1976291.723557
15 -1975464.961604
15 -1975557.899336
15 -1975415.165367
15 -1975557.911328
15 -1975357.67825
15 -1975366.557545
15 -1975118.12062
15 -1976990.477212
15 -1976564.179853
15 -1975651.780388
15 -1976450.546955
15 -1975557.219105
15 -1975119.785906
15 -1975357.721481
16 -1971416.817727
16 -1970846.390571
16 -1972276.696996
16 -1971189.819877
16 -1972704.29354
16 -1971277.348693
16 -1971345.988747
16 -1970789.718817
16 -1971427.72377
16 -1971427.72377
16 -1973013.722675
16 -1971569.004861
16 -1971068.046495
16 -1970836.979517
16 -1971281.443376
16 -1971137.817179
16 -1970787.375022
16 -1971285.071406
16 -1971104.248752
16 -1971248.112353
17 -1967048.884318
17 -1966736.92438
17 -1967067.585947
17 -1966911.88928
17 -1966847.782074
17 -1967272.567359
17 -1967466.481565
17 -1967469.270008
17 -1967518.151448
17 -1966958.217751
17 -1966790.926512
17 -1967341.142301
17 -1967215.280482
17 -1967111.738976
17 -1967147.606012
17 -1966550.434659
17 -1967058.696419
17 -1967363.64831
17 -1967217.225101
17 -1967212.982294
18 -1963083.815904
18 -1962966.63646
18 -1963414.95291
18 -1962548.254916
18 -1963334.739146
18 -1963517.184515
18 -1963177.167546
18 -1962692.037775
18 -1963720.761048
18 -1964416.101148
18 -1963758.585669
18 -1962973.726674
18 -1962941.389253
18 -1963955.256802
18 -1962721.727521
18 -1962796.949333
18 -1965166.067619
18 -1965166.067619
18 -1963166.905454
18 -1964153.108967
19 -1959386.062422
19 -1958853.62302
19 -1959927.574549
19 -1959463.065681
19 -1959089.886963
19 -1959926.249568
19 -1960906.065405
19 -1959958.821882
19 -1959449.284636
19 -1960071.412676
19 -1959369.662184
19 -1960135.729055
19 -1961578.366526
19 -1959709.260594
19 -1958866.48349
19 -1959377.680715
19 -1959919.657897
19 -1959919.657897
19 -1959351.729975
19 -1960490.724169
1 -2200251.948618
1 -2200251.948618
1 -2200251.948618
1 -2200251.948618
1 -2200251.948618
1 -2200251.948618
1 -2200251.948618
1 -2200251.948618
1 -2200251.948618
1 -2200251.948618
1 -2200251.948618
1 -2200251.948618
1 -2200251.948618
1 -2200251.948618
1 -2200251.948618
1 -2200251.948618
1 -2200251.948618
1 -2200251.948618
1 -2200251.948618
1 -2200251.948618
20 -1955994.740002
20 -1955931.256174
20 -1955796.547753
20 -1956477.217383
20 -1955642.179906
20 -1955714.139834
20 -1956632.70933
20 -1955530.91782
20 -1955613.120424
20 -1955613.120424
20 -1955526.849474
20 -1956003.896519
20 -1955566.543702
20 -1955865.270245
20 -1955711.599673
20 -1955419.304939
20 -1955736.473693
20 -1955736.473693
20 -1955939.126032
20 -1955769.899593
2 -2103858.262874
2 -2103858.270609
2 -2103858.276331
2 -2103858.229319
2 -2103858.199115
2 -2103858.259174
2 -2103858.275592
2 -2103858.269919
2 -2103858.312854
2 -2103858.267961
2 -2103858.229981
2 -2103858.222323
2 -2103858.237619
2 -2103858.234831
2 -2103858.282562
2 -2103858.304948
2 -2103858.307896
2 -2103858.265664
2 -2103858.256236
2 -2103858.256236
3 -2075235.52023
3 -2075235.814809
3 -2075235.503076
3 -2075235.507784
3 -2075235.512824
3 -2075236.165226
3 -2075236.145409
3 -2075235.486262
3 -2075235.501168
3 -2075235.48776
3 -2075235.515554
3 -2075236.128423
3 -2075235.865068
3 -2075235.605048
3 -2075235.510738
3 -2075235.483151
3 -2075235.487021
3 -2075235.859711
3 -2075235.495464
3 -2075235.882618
4 -2059320.114522
4 -2057932.49059
4 -2059320.381761
4 -2059320.085263
4 -2059320.213723
4 -2059320.098613
4 -2059320.081949
4 -2059320.095781
4 -2057932.330323
4 -2057932.68068
4 -2059320.080575
4 -2057932.820314
4 -2059320.089873
4 -2059320.384479
4 -2057932.593601
4 -2059320.091674
4 -2059320.121787
4 -2059320.109836
4 -2059320.366514
4 -2059320.101531
5 -2043048.647479
5 -2043048.479828
5 -2043048.318514
5 -2043048.800619
5 -2043048.647566
5 -2043048.26668
5 -2043048.181809
5 -2043048.448322
5 -2043048.365567
5 -2045939.106248
5 -2043048.581772
5 -2043048.463536
5 -2043048.424889
5 -2043048.220942
5 -2043048.320174
5 -2047436.537834
5 -2043048.340799
5 -2043048.090081
5 -2043048.330853
5 -2043048.482639
6 -2031197.107746
6 -2031197.566237
6 -2034305.202017
6 -2031196.80273
6 -2034305.390146
6 -2034305.390597
6 -2031197.447615
6 -2031197.451405
6 -2034305.409324
6 -2031197.249948
6 -2031197.804602
6 -2031196.640427
6 -2034305.773646
6 -2034305.437109
6 -2034305.597116
6 -2034305.536877
6 -2031196.324165
6 -2031196.299529
6 -2031196.863527
6 -2031196.5576
7 -2022494.046227
7 -2022493.325968
7 -2022492.974198
7 -2023322.136573
7 -2023321.890616
7 -2023321.959192
7 -2022493.078894
7 -2022493.419457
7 -2022493.463953
7 -2022493.353653
7 -2022493.385685
7 -2022493.012521
7 -2022493.942948
7 -2022493.399654
7 -2022493.207402
7 -2022493.092485
7 -2022493.158032
7 -2023404.25463
7 -2022493.335113
7 -2022493.067209
8 -2015375.267422
8 -2015374.952726
8 -2014711.410271
8 -2015375.098074
8 -2014711.410977
8 -2016329.408126
8 -2014631.243895
8 -2014711.025242
8 -2015375.456129
8 -2014631.470484
8 -2014711.322735
8 -2014711.358369
8 -2014711.453926
8 -2015375.536175
8 -2014711.220542
8 -2015375.772266
8 -2015375.260938
8 -2015375.137866
8 -2014631.551622
8 -2014711.44787
9 -2008242.361195
9 -2007533.909384
9 -2010136.977959
9 -2007534.013392
9 -2007534.069972
9 -2007533.919746
9 -2010161.204844
9 -2010131.155799
9 -2007534.24775
9 -2007533.938682
9 -2008242.341707
9 -2007534.039668
9 -2010119.135189
9 -2008242.555385
9 -2007534.19987
9 -2007533.895629
9 -2007534.436779
9 -2007534.006729
9 -2007830.385769
9 -2007534.404914
