-------------------------------------------------------------------------------
 L       Percentage of nodes in the largest component
 D       Percentage of nodes in components of size at most 3 [-div option]
 R       Percentage of nodes not in L or D: 100 - L -D
 S       Percentage of nodes that are singletons
 E       Fraction of edges retained (input graph has 380)
 cce     Expected size of component, nodewise [ sum(sz^2) / sum^2(sz) ]
 EW      Edge weight traits (mean, median and IQR)
 ND      Node degree traits [mean, median and IQR]
 CCF     Clustering coefficient (scale 1-100)
 eff     Induced component efficiency relative to start graph (scale 1-1000)
Total number of nodes: 20
----------------------------------------------------------------------------------------------
  L   D   R   S     E     cce  EWmean   EWmed   EWiqr  NDmean   NDmed  NDiqr CCF  eff  Cutoff 
----------------------------------------------------------------------------------------------
100   0   0   0 1.000      20    0.71    0.71    0.07    19.0    19.5    0.5   -    -     0.50
100   0   0   0 1.000      20    0.71    0.71    0.07    19.0    19.5    0.5   -    -     0.51
100   0   0   0 1.000      20    0.71    0.71    0.07    19.0    19.5    0.5   -    -     0.52
100   0   0   0 1.000      20    0.71    0.71    0.07    19.0    19.5    0.5   -    -     0.53
100   0   0   0 1.000      20    0.71    0.71    0.07    19.0    19.5    0.5   -    -     0.54
100   0   0   0 1.000      20    0.71    0.71    0.07    19.0    19.5    0.5   -    -     0.55
100   0   0   0 1.000      20    0.71    0.71    0.07    19.0    19.5    0.5   -    -     0.56
100   0   0   0 1.000      20    0.71    0.71    0.07    19.0    19.5    0.5   -    -     0.57
100   0   0   0 0.995      20    0.71    0.71    0.07    18.9    19.5    0.5   -    -     0.58
100   0   0   0 0.989      20    0.71    0.71    0.07    18.8    19.5    0.5   -    -     0.59
100   0   0   0 0.984      20    0.71    0.71    0.07    18.7    19.5    0.5   -    -     0.60
100   0   0   0 0.974      20    0.71    0.71    0.07    18.5    19.5    1.5   -    -     0.61
100   0   0   0 0.942      20    0.72    0.71    0.07    17.9    18.5    1.5   -    -     0.62
100   0   0   0 0.916      20    0.72    0.71    0.07    17.4    18.5    2.5   -    -     0.63
100   0   0   0 0.884      20    0.72    0.71    0.06    16.8    17.5    3.5   -    -     0.64
100   0   0   0 0.847      20    0.73    0.71    0.06    16.1    17.5    3.5   -    -     0.65
100   0   0   0 0.816      20    0.73    0.71    0.06    15.5    17.5    2.5   -    -     0.66
100   0   0   0 0.779      20    0.73    0.72    0.06    14.8    15.5    4.5   -    -     0.67
100   0   0   0 0.711      20    0.74    0.73    0.06    13.5    14.5    6.5   -    -     0.68
100   0   0   0 0.658      20    0.74    0.73    0.06    12.5    14.5    6.5   -    -     0.69
100   0   0   0 0.526      20    0.75    0.74    0.05    10.0    10.5    7.5   -    -     0.70
 95   5   0   5 0.458      18    0.76    0.75    0.06     8.7     9.5    6.5   -    -     0.71
 95   5   0   5 0.400      18    0.77    0.76    0.05     7.6     8.5    5.5   -    -     0.72
 95   5   0   5 0.337      18    0.78    0.77    0.05     6.4     7.5    4.5   -    -     0.73
 85  15   0  15 0.274      15    0.79    0.78    0.04     5.2     5.5    4.5   -    -     0.74
 85  15   0  15 0.221      15    0.79    0.79    0.04     4.2     4.5    2.5   -    -     0.75
 85  15   0  15 0.189      15    0.80    0.79    0.03     3.6     3.5    4.5   -    -     0.76
 70  30   0  30 0.153      10    0.81    0.80    0.03     2.9     2.5    4.5   -    -     0.77
 60  40   0  40 0.126       8    0.82    0.81    0.03     2.4     2.5    4.5   -    -     0.78
 45  55   0  40 0.095       5    0.83    0.81    0.03     1.8     2.5    3.5   -    -     0.79
 35  65   0  40 0.079       4    0.83    0.82    0.02     1.5     1.5    2.5   -    -     0.80
 25  75   0  65 0.047       2    0.85    0.83    0.02     0.9     0.5    1.5   -    -     0.81
 25  75   0  65 0.037       2    0.86    0.83    0.04     0.7     0.5    1.5   -    -     0.82
 25  75   0  65 0.026       2    0.88    0.84    0.07     0.5     0.5    1.5   -    -     0.83
  0 100   0  70 0.016       1    0.91    0.90    0.08     0.3     0.5    1.5   -    -     0.84
  0 100   0  80 0.011       1    0.95    0.95    0.10     0.2     0.5    0.5   -    -     0.85
  0 100   0  80 0.011       1    0.95    0.95    0.10     0.2     0.5    0.5   -    -     0.86
  0 100   0  80 0.011       1    0.95    0.95    0.10     0.2     0.5    0.5   -    -     0.87
  0 100   0  80 0.011       1    0.95    0.95    0.10     0.2     0.5    0.5   -    -     0.88
  0 100   0  80 0.011       1    0.95    0.95    0.10     0.2     0.5    0.5   -    -     0.89
  0 100   0  90 0.005       1    1.00    1.00    0.00     0.1     0.5    0.5   -    -     0.90
  0 100   0  90 0.005       1    1.00    1.00    0.00     0.1     0.5    0.5   -    -     0.91
  0 100   0  90 0.005       1    1.00    1.00    0.00     0.1     0.5    0.5   -    -     0.92
  0 100   0  90 0.005       1    1.00    1.00    0.00     0.1     0.5    0.5   -    -     0.93
  0 100   0  90 0.005       1    1.00    1.00    0.00     0.1     0.5    0.5   -    -     0.94
  0 100   0  90 0.005       1    1.00    1.00    0.00     0.1     0.5    0.5   -    -     0.95
  0 100   0  90 0.005       1    1.00    1.00    0.00     0.1     0.5    0.5   -    -     0.96
  0 100   0  90 0.005       1    1.00    1.00    0.00     0.1     0.5    0.5   -    -     0.97
  0 100   0  90 0.005       1    1.00    1.00    0.00     0.1     0.5    0.5   -    -     0.98
  0 100   0  90 0.005       1    1.00    1.00    0.00     0.1     0.5    0.5   -    -     0.99
---------------------------------------------------------------------------------------------
