1.0000	0.9996	0.7585	0.9986	0.9998	0.9993	0.9998	0.9999	0.9998	0.7584	0.7583	0.9998	0.7584	0.9987	0.7586	0.9998	0.9997	0.9996	0.9981	0.9998
0.9996	1.0000	0.7583	0.9988	0.9997	0.9994	0.9998	0.9995	0.9997	0.7582	0.7581	0.9997	0.7582	0.9988	0.7584	0.9997	0.9998	0.9996	0.9979	0.9998
0.7585	0.7583	1.0000	0.7576	0.7584	0.7584	0.7584	0.7586	0.7584	0.9995	0.9990	0.7583	0.9987	0.7577	0.9993	0.7585	0.7584	0.7582	0.7599	0.7584
0.9986	0.9988	0.7576	1.0000	0.9987	0.9986	0.9987	0.9986	0.9987	0.7575	0.7574	0.9988	0.7575	0.9999	0.7577	0.9987	0.9988	0.9989	0.9971	0.9987
0.9998	0.9997	0.7584	0.9987	1.0000	0.9994	0.9999	0.9998	0.9999	0.7583	0.7582	0.9999	0.7583	0.9988	0.7585	0.9999	0.9998	0.9996	0.9980	0.9999
0.9993	0.9994	0.7584	0.9986	0.9994	1.0000	0.9994	0.9993	0.9993	0.7583	0.7581	0.9993	0.7583	0.9986	0.7584	0.9994	0.9994	0.9992	0.9980	0.9994
0.9998	0.9998	0.7584	0.9987	0.9999	0.9994	1.0000	0.9997	0.9998	0.7583	0.7582	0.9998	0.7583	0.9987	0.7585	0.9999	0.9998	0.9996	0.9980	0.9999
0.9999	0.9995	0.7586	0.9986	0.9998	0.9993	0.9997	1.0000	0.9997	0.7585	0.7583	0.9997	0.7584	0.9986	0.7586	0.9997	0.9996	0.9995	0.9981	0.9997
0.9998	0.9997	0.7584	0.9987	0.9999	0.9993	0.9998	0.9997	1.0000	0.7583	0.7581	0.9999	0.7583	0.9988	0.7584	0.9998	0.9998	0.9997	0.9979	0.9998
0.7584	0.7582	0.9995	0.7575	0.7583	0.7583	0.7583	0.7585	0.7583	1.0000	0.9991	0.7582	0.9988	0.7576	0.9994	0.7584	0.7583	0.7581	0.7598	0.7583
0.7583	0.7581	0.9990	0.7574	0.7582	0.7581	0.7582	0.7583	0.7581	0.9991	1.0000	0.7581	0.9985	0.7574	0.9989	0.7583	0.7581	0.7579	0.7597	0.7581
0.9998	0.9997	0.7583	0.9988	0.9999	0.9993	0.9998	0.9997	0.9999	0.7582	0.7581	1.0000	0.7582	0.9988	0.7584	0.9997	0.9998	0.9998	0.9979	0.9998
0.7584	0.7582	0.9987	0.7575	0.7583	0.7583	0.7583	0.7584	0.7583	0.9988	0.9985	0.7582	1.0000	0.7575	0.9987	0.7584	0.7582	0.7581	0.7598	0.7583
0.9987	0.9988	0.7577	0.9999	0.9988	0.9986	0.9987	0.9986	0.9988	0.7576	0.7574	0.9988	0.7575	1.0000	0.7577	0.9987	0.9988	0.9989	0.9971	0.9988
0.7586	0.7584	0.9993	0.7577	0.7585	0.7584	0.7585	0.7586	0.7584	0.9994	0.9989	0.7584	0.9987	0.7577	1.0000	0.7586	0.7584	0.7582	0.7600	0.7584
0.9998	0.9997	0.7585	0.9987	0.9999	0.9994	0.9999	0.9997	0.9998	0.7584	0.7583	0.9997	0.7584	0.9987	0.7586	1.0000	0.9997	0.9995	0.9981	0.9998
0.9997	0.9998	0.7584	0.9988	0.9998	0.9994	0.9998	0.9996	0.9998	0.7583	0.7581	0.9998	0.7582	0.9988	0.7584	0.9997	1.0000	0.9996	0.9979	0.9998
0.9996	0.9996	0.7582	0.9989	0.9996	0.9992	0.9996	0.9995	0.9997	0.7581	0.7579	0.9998	0.7581	0.9989	0.7582	0.9995	0.9996	1.0000	0.9977	0.9996
0.9981	0.9979	0.7599	0.9971	0.9980	0.9980	0.9980	0.9981	0.9979	0.7598	0.7597	0.9979	0.7598	0.9971	0.7600	0.9981	0.9979	0.9977	1.0000	0.9979
0.9998	0.9998	0.7584	0.9987	0.9999	0.9994	0.9999	0.9997	0.9998	0.7583	0.7581	0.9998	0.7583	0.9988	0.7584	0.9998	0.9998	0.9996	0.9979	1.0000
