10 -3673977.518285
10 -3677423.275685
10 -3677423.275685
10 -3677423.275685
10 -3674108.931928
10 -3674144.909941
10 -3677229.660776
10 -3673237.011431
10 -3676540.015028
10 -3676698.312217
10 -3673923.859912
10 -3676679.595344
10 -3674053.508105
10 -3673477.669553
10 -3673099.155027
10 -3673304.956541
10 -3676354.112122
10 -3674248.6974
10 -3677227.254136
10 -3674621.616331
11 -3667180.363381
11 -3666580.873217
11 -3666580.873217
11 -3666580.873217
11 -3665836.857682
11 -3666184.424024
11 -3666376.809478
11 -3670035.171563
11 -3666359.207537
11 -3666509.907508
11 -3666471.679081
11 -3672567.384418
11 -3666466.083715
11 -3667352.227733
11 -3668914.008796
11 -3666926.2331
11 -3667525.868138
11 -3667637.482331
11 -3670064.60804
11 -3666168.022143
12 -3660990.617135
12 -3660990.617135
12 -3660233.004226
12 -3660233.004226
12 -3663220.153656
12 -3659346.457013
12 -3660553.573793
12 -3672908.202799
12 -3660125.839375
12 -3659408.0887
12 -3660123.976211
12 -3662540.560994
12 -3660270.788206
12 -3661227.944397
12 -3660947.067486
12 -3663608.317402
12 -3660047.089852
12 -3659692.033797
12 -3659144.751849
12 -3660990.617135
13 -3655518.757842
13 -3656276.850177
13 -3652029.796639
13 -3652029.796639
13 -3653199.819594
13 -3652313.487842
13 -3652415.999844
13 -3652270.576064
13 -3653167.575078
13 -3652436.66921
13 -3653319.742279
13 -3656827.40789
13 -3654359.862243
13 -3656995.812628
13 -3653711.004326
13 -3653373.940102
13 -3651929.880322
13 -3652431.666389
13 -3654550.737949
13 -3655518.757842
14 -3648080.874542
14 -3646173.48974
14 -3645690.738695
14 -3645690.738695
14 -3646702.123468
14 -3646453.747175
14 -3646326.804206
14 -3646879.665406
14 -3645025.140519
14 -3645964.66332
14 -3650068.331327
14 -3648950.001252
14 -3647078.129977
14 -3646549.630063
14 -3651292.623003
14 -3646093.948693
14 -3645830.174903
14 -3648233.904765
14 -3646714.7628
14 -3646820.994568
15 -3640707.679847
15 -3639114.041914
15 -3639297.687676
15 -3639371.40446
15 -3642703.897267
15 -3639367.718161
15 -3639371.40446
15 -3639257.195861
15 -3639042.305777
15 -3641293.963419
15 -3643347.965661
15 -3643139.023794
15 -3639340.881153
15 -3639383.964098
15 -3638561.234939
15 -3639882.983111
15 -3638708.287567
15 -3641875.232576
15 -3639578.549044
15 -3640707.679847
16 -3634726.27451
16 -3632391.390668
16 -3633452.454004
16 -3633452.454004
16 -3631631.3883
16 -3635569.071992
16 -3633560.567862
16 -3632123.543396
16 -3634844.743392
16 -3632404.596866
16 -3635646.090646
16 -3635014.432538
16 -3631515.808066
16 -3633806.67232
16 -3636594.805384
16 -3634259.707896
16 -3632739.715557
16 -3632661.3937
16 -3632822.65867
16 -3637085.050998
17 -3626564.290067
17 -3625351.644708
17 -3625351.644708
17 -3625351.644708
17 -3627255.98188
17 -3625937.050094
17 -3627355.670068
17 -3626222.280471
17 -3626249.696001
17 -3626562.667043
17 -3625690.469157
17 -3626866.173014
17 -3626986.593431
17 -3629931.863651
17 -3631473.48789
17 -3628289.688298
17 -3626412.396609
17 -3626394.896235
17 -3626187.638079
17 -3626639.671694
18 -3619220.415995
18 -3619245.767564
18 -3619245.767564
18 -3619245.767564
18 -3620945.582774
18 -3620290.931132
18 -3621480.08606
18 -3619771.609492
18 -3622441.712314
18 -3622591.047197
18 -3621629.904746
18 -3620125.884158
18 -3619199.126288
18 -3619174.336555
18 -3619925.228689
18 -3622921.465333
18 -3623795.025003
18 -3622904.740741
18 -3618997.165572
18 -3619220.415995
19 -3615634.61661
19 -3613842.344918
19 -3613842.344918
19 -3613842.344918
19 -3617352.964518
19 -3614875.625627
19 -3613553.469281
19 -3614010.683307
19 -3613354.739533
19 -3613279.037131
19 -3614249.740934
19 -3614963.795757
19 -3613497.027857
19 -3613688.019929
19 -3613346.440157
19 -3619112.171124
19 -3614660.076525
19 -3613473.068893
19 -3616422.798019
19 -3613842.344918
1 -4311479.225056
1 -4311479.225056
1 -4311479.225056
1 -4311479.225056
1 -4311479.225056
1 -4311479.225057
1 -4311479.225056
1 -4311479.225057
1 -4311479.225056
1 -4311479.225056
1 -4311479.225056
1 -4311479.225056
1 -4311479.225056
1 -4311479.225056
1 -4311479.225056
1 -4311479.225056
1 -4311479.225056
1 -4311479.225056
1 -4311479.225057
1 -4311479.225056
20 -3608006.532002
20 -3607307.379395
20 -3607307.379395
20 -3607307.379395
20 -3606232.142439
20 -3608268.592418
20 -3606462.814039
20 -3606793.839736
20 -3614266.942504
20 -3609034.015235
20 -3607198.226271
20 -3612165.369883
20 -3611576.693684
20 -3606868.239495
20 -3609486.259022
20 -3610978.094259
20 -3607288.067373
20 -3609686.470817
20 -3608467.31328
20 -3607307.379395
2 -3898099.76336
2 -3898099.761362
2 -3898099.76336
2 -3898099.76336
2 -3898099.693571
2 -3898099.693571
2 -3898099.648317
2 -3898099.638937
2 -3898099.728911
2 -3898099.706611
2 -3898099.735314
2 -3898099.733997
2 -3898099.745804
2 -3898099.629802
2 -3898099.640669
2 -3898099.739907
2 -3898099.647209
2 -3898099.702957
2 -3898099.769579
2 -3898099.627811
3 -3811829.560053
3 -3811829.309524
3 -3811829.560053
3 -3811829.560053
3 -3811829.560053
3 -3811829.188609
3 -3811829.238651
3 -3811829.253904
3 -3811829.270281
3 -3811829.190733
3 -3811830.583277
3 -3811829.252747
3 -3811829.262023
3 -3811829.253813
3 -3811829.256402
3 -3811829.244102
3 -3811830.32581
3 -3811829.2437
3 -3811830.287396
3 -3811829.276972
4 -3743012.99111
4 -3743012.62524
4 -3743012.857081
4 -3743012.857081
4 -3743012.760686
4 -3743012.894821
4 -3743012.911134
4 -3743012.62524
4 -3743012.925825
4 -3743012.990264
4 -3743012.70546
4 -3743012.864564
4 -3743012.935131
4 -3781406.716959
4 -3743012.938508
4 -3743012.868049
4 -3743012.950941
4 -3781406.359544
4 -3743012.975246
4 -3743012.924865
5 -3712808.693487
5 -3712808.570475
5 -3712808.693487
5 -3712808.693487
5 -3712808.887912
5 -3712809.166139
5 -3712808.560836
5 -3712808.702506
5 -3712808.459523
5 -3712808.624821
5 -3712808.737153
5 -3712810.042182
5 -3712808.607105
5 -3712808.970086
5 -3712808.384873
5 -3712808.689571
5 -3712808.754282
5 -3712808.593969
5 -3712808.503199
5 -3712808.494379
6 -3705260.288225
6 -3705260.288225
6 -3705260.288225
6 -3705260.288225
6 -3705282.473612
6 -3702359.619245
6 -3705513.0866
6 -3705382.36199
6 -3705306.092262
6 -3705275.648933
6 -3705300.262149
6 -3705380.340931
6 -3705334.200513
6 -3705332.508699
6 -3702359.677823
6 -3705247.590374
6 -3705351.709877
6 -3705271.771817
6 -3702358.104785
6 -3705341.529473
7 -3697917.502515
7 -3698128.596735
7 -3697988.297147
7 -3697917.502515
7 -3698269.030162
7 -3698220.397174
7 -3697773.746456
7 -3698128.596735
7 -3697726.441209
7 -3698301.894576
7 -3698266.886151
7 -3697747.772629
7 -3698062.282631
7 -3694904.824116
7 -3695241.823942
7 -3697815.880657
7 -3698131.455269
7 -3697850.56379
7 -3697907.212484
7 -3698375.9742
8 -3691240.462094
8 -3687412.629436
8 -3690635.828413
8 -3687412.629436
8 -3687943.655094
8 -3691357.267752
8 -3690700.023247
8 -3691472.17129
8 -3687593.377555
8 -3691000.169424
8 -3691430.560015
8 -3691480.857089
8 -3688577.948826
8 -3691910.652787
8 -3687767.576253
8 -3690835.270282
8 -3688793.873973
8 -3687696.483846
8 -3688026.364095
8 -3687541.026332
9 -3680270.033111
9 -3683467.531163
9 -3683467.531163
9 -3683467.531163
9 -3685390.219138
9 -3686187.374561
9 -3684131.180902
9 -3683451.430661
9 -3680359.711926
9 -3680578.146203
9 -3681318.789235
9 -3683587.852445
9 -3680946.824513
9 -3686177.860856
9 -3684768.513248
9 -3680580.044221
9 -3684385.161524
9 -3680701.403259
9 -3680560.934767
9 -3680543.10961
