-------------------------------------------------------------------------------
 L       Percentage of nodes in the largest component
 D       Percentage of nodes in components of size at most 3 [-div option]
 R       Percentage of nodes not in L or D: 100 - L -D
 S       Percentage of nodes that are singletons
 E       Fraction of edges retained (input graph has 380)
 cce     Expected size of component, nodewise [ sum(sz^2) / sum^2(sz) ]
 EW      Edge weight traits (mean, median and IQR)
 ND      Node degree traits [mean, median and IQR]
 CCF     Clustering coefficient (scale 1-100)
 eff     Induced component efficiency relative to start graph (scale 1-1000)
Total number of nodes: 20
----------------------------------------------------------------------------------------------
  L   D   R   S     E     cce  EWmean   EWmed   EWiqr  NDmean   NDmed  NDiqr CCF  eff  Cutoff 
----------------------------------------------------------------------------------------------
100   0   0   0 1.000      20    0.75    0.75    0.09    19.0    19.5    0.5   -    -     0.50
100   0   0   0 1.000      20    0.75    0.75    0.09    19.0    19.5    0.5   -    -     0.51
100   0   0   0 1.000      20    0.75    0.75    0.09    19.0    19.5    0.5   -    -     0.52
100   0   0   0 1.000      20    0.75    0.75    0.09    19.0    19.5    0.5   -    -     0.53
100   0   0   0 1.000      20    0.75    0.75    0.09    19.0    19.5    0.5   -    -     0.54
100   0   0   0 1.000      20    0.75    0.75    0.09    19.0    19.5    0.5   -    -     0.55
100   0   0   0 1.000      20    0.75    0.75    0.09    19.0    19.5    0.5   -    -     0.56
100   0   0   0 1.000      20    0.75    0.75    0.09    19.0    19.5    0.5   -    -     0.57
100   0   0   0 0.995      20    0.75    0.75    0.09    18.9    19.5    0.5   -    -     0.58
100   0   0   0 0.989      20    0.75    0.75    0.09    18.8    19.5    0.5   -    -     0.59
100   0   0   0 0.989      20    0.75    0.75    0.09    18.8    19.5    0.5   -    -     0.60
100   0   0   0 0.984      20    0.75    0.75    0.09    18.7    19.5    0.5   -    -     0.61
100   0   0   0 0.984      20    0.75    0.75    0.09    18.7    19.5    0.5   -    -     0.62
100   0   0   0 0.974      20    0.75    0.75    0.08    18.5    19.5    1.5   -    -     0.63
100   0   0   0 0.968      20    0.76    0.75    0.08    18.4    19.5    1.5   -    -     0.64
100   0   0   0 0.921      20    0.76    0.76    0.08    17.5    18.5    2.5   -    -     0.65
100   0   0   0 0.874      20    0.77    0.76    0.07    16.6    17.5    3.5   -    -     0.66
100   0   0   0 0.868      20    0.77    0.76    0.07    16.5    17.5    3.5   -    -     0.67
100   0   0   0 0.821      20    0.77    0.76    0.06    15.6    16.5    3.5   -    -     0.68
100   0   0   0 0.768      20    0.78    0.77    0.06    14.6    16.5    2.5   -    -     0.69
100   0   0   0 0.726      20    0.78    0.77    0.06    13.8    15.5    2.5   -    -     0.70
 95   5   0   5 0.679      18    0.79    0.77    0.05    12.9    15.5    3.5   -    -     0.71
 90  10   0  10 0.616      16    0.80    0.78    0.04    11.7    14.5    6.5   -    -     0.72
 90  10   0  10 0.595      16    0.80    0.78    0.04    11.3    13.5    6.5   -    -     0.73
 85  15   0  15 0.521      15    0.81    0.78    0.04     9.9    11.5    6.5   -    -     0.74
 85  15   0  15 0.484      15    0.81    0.78    0.04     9.2    11.5    7.5   -    -     0.75
 85  15   0  15 0.458      15    0.82    0.78    0.05     8.7    11.5    8.5   -    -     0.76
 80  20   0  20 0.379      13    0.83    0.79    0.08     7.2     8.5    8.5   -    -     0.77
 80  20   0  20 0.263      13    0.85    0.80    0.14     5.0     5.5    7.5   -    -     0.78
 75  25   0  25 0.195      12    0.87    0.85    0.14     3.7     3.5    4.5   -    -     0.79
 55  25  20  25 0.163       7    0.89    0.89    0.13     3.1     3.5    4.5   -    -     0.80
 40  40  20  30 0.126       5    0.91    0.93    0.08     2.4     2.5    5.5   -    -     0.81
 30  50  20  40 0.116       3    0.92    0.93    0.07     2.2     2.5    5.5   -    -     0.82
 30  50  20  40 0.116       3    0.92    0.93    0.07     2.2     2.5    5.5   -    -     0.83
 30  50  20  40 0.105       3    0.93    0.94    0.06     2.0     2.5    3.5   -    -     0.84
 30  50  20  40 0.105       3    0.93    0.94    0.06     2.0     2.5    3.5   -    -     0.85
 30  50  20  40 0.095       3    0.94    0.94    0.04     1.8     1.5    3.5   -    -     0.86
 30  50  20  40 0.095       3    0.94    0.94    0.04     1.8     1.5    3.5   -    -     0.87
 30  50  20  40 0.089       3    0.94    0.94    0.03     1.7     1.5    3.5   -    -     0.88
 25  55  20  45 0.084       3    0.95    0.94    0.02     1.6     1.5    3.5   -    -     0.89
 25  55  20  45 0.074       3    0.96    0.95    0.06     1.4     1.5    3.5   -    -     0.90
 25  55  20  45 0.074       3    0.96    0.95    0.06     1.4     1.5    3.5   -    -     0.91
 25  55  20  45 0.068       3    0.96    0.95    0.05     1.3     1.5    3.5   -    -     0.92
 20  60  20  50 0.063       2    0.96    0.95    0.05     1.2     0.5    3.5   -    -     0.93
 20  80   0  55 0.053       2    0.97    0.96    0.05     1.0     0.5    2.5   -    -     0.94
  0 100   0  60 0.037       2    0.98    0.99    0.04     0.7     0.5    2.5   -    -     0.95
  0 100   0  75 0.021       1    0.99    0.99    0.00     0.4     0.5    0.5   -    -     0.96
  0 100   0  75 0.021       1    0.99    0.99    0.00     0.4     0.5    0.5   -    -     0.97
  0 100   0  75 0.021       1    0.99    0.99    0.00     0.4     0.5    0.5   -    -     0.98
  0 100   0  75 0.021       1    0.99    0.99    0.00     0.4     0.5    0.5   -    -     0.99
---------------------------------------------------------------------------------------------
