1.0000	0.9989	0.6744	0.7786	0.7786	0.6675	0.6805	0.6572	0.6808	0.7787	0.6804	0.6621	0.7315	0.6096	0.6734	0.6804	0.7784	0.7314	0.7787	0.6804
0.9989	1.0000	0.6745	0.7787	0.7788	0.6676	0.6805	0.6573	0.6809	0.7788	0.6805	0.6622	0.7316	0.6097	0.6735	0.6805	0.7786	0.7316	0.7789	0.6805
0.6744	0.6745	1.0000	0.7606	0.7605	0.7962	0.7880	0.7835	0.7879	0.7606	0.7879	0.7877	0.7910	0.6837	0.9057	0.7879	0.7606	0.7910	0.7607	0.7879
0.7786	0.7787	0.7606	1.0000	0.9976	0.7415	0.7482	0.7282	0.7484	0.9977	0.7482	0.7441	0.8452	0.6629	0.7693	0.7483	0.9977	0.8452	0.9892	0.7482
0.7786	0.7788	0.7605	0.9976	1.0000	0.7415	0.7482	0.7282	0.7485	0.9959	0.7483	0.7441	0.8452	0.6629	0.7693	0.7483	0.9959	0.8452	0.9888	0.7482
0.6675	0.6676	0.7962	0.7415	0.7415	1.0000	0.8328	0.9606	0.8322	0.7414	0.8331	0.7779	0.7693	0.6820	0.8070	0.8332	0.7415	0.7694	0.7407	0.8332
0.6805	0.6805	0.7880	0.7482	0.7482	0.8328	1.0000	0.8048	0.9951	0.7482	0.9972	0.7712	0.7763	0.6910	0.8088	0.9966	0.7482	0.7762	0.7484	0.9966
0.6572	0.6573	0.7835	0.7282	0.7282	0.9606	0.8048	1.0000	0.8043	0.7282	0.8050	0.7708	0.7546	0.6744	0.7919	0.8051	0.7282	0.7547	0.7275	0.8051
0.6808	0.6809	0.7879	0.7484	0.7485	0.8322	0.9951	0.8043	1.0000	0.7485	0.9927	0.7710	0.7765	0.6910	0.8085	0.9923	0.7485	0.7764	0.7488	0.9921
0.7787	0.7788	0.7606	0.9977	0.9959	0.7414	0.7482	0.7282	0.7485	1.0000	0.7483	0.7440	0.8452	0.6628	0.7693	0.7483	0.9981	0.8452	0.9894	0.7482
0.6804	0.6805	0.7879	0.7482	0.7483	0.8331	0.9972	0.8050	0.9927	0.7483	1.0000	0.7713	0.7764	0.6911	0.8088	0.9987	0.7483	0.7763	0.7483	0.9990
0.6621	0.6622	0.7877	0.7441	0.7441	0.7779	0.7712	0.7708	0.7710	0.7440	0.7713	1.0000	0.7741	0.7497	0.7956	0.7712	0.7442	0.7740	0.7441	0.7713
0.7315	0.7316	0.7910	0.8452	0.8452	0.7693	0.7763	0.7546	0.7765	0.8452	0.7764	0.7741	1.0000	0.6799	0.8010	0.7764	0.8452	0.9981	0.8450	0.7763
0.6096	0.6097	0.6837	0.6629	0.6629	0.6820	0.6910	0.6744	0.6910	0.6628	0.6911	0.7497	0.6799	1.0000	0.6886	0.6910	0.6629	0.6799	0.6627	0.6910
0.6734	0.6735	0.9057	0.7693	0.7693	0.8070	0.8088	0.7919	0.8085	0.7693	0.8088	0.7956	0.8010	0.6886	1.0000	0.8088	0.7694	0.8010	0.7693	0.8088
0.6804	0.6805	0.7879	0.7483	0.7483	0.8332	0.9966	0.8051	0.9923	0.7483	0.9987	0.7712	0.7764	0.6910	0.8088	1.0000	0.7483	0.7763	0.7484	0.9990
0.7784	0.7786	0.7606	0.9977	0.9959	0.7415	0.7482	0.7282	0.7485	0.9981	0.7483	0.7442	0.8452	0.6629	0.7694	0.7483	1.0000	0.8452	0.9897	0.7483
0.7314	0.7316	0.7910	0.8452	0.8452	0.7694	0.7762	0.7547	0.7764	0.8452	0.7763	0.7740	0.9981	0.6799	0.8010	0.7763	0.8452	1.0000	0.8449	0.7762
0.7787	0.7789	0.7607	0.9892	0.9888	0.7407	0.7484	0.7275	0.7488	0.9894	0.7483	0.7441	0.8450	0.6627	0.7693	0.7484	0.9897	0.8449	1.0000	0.7483
0.6804	0.6805	0.7879	0.7482	0.7482	0.8332	0.9966	0.8051	0.9921	0.7482	0.9990	0.7713	0.7763	0.6910	0.8088	0.9990	0.7483	0.7762	0.7483	1.0000
