-------------------------------------------------------------------------------
 L       Percentage of nodes in the largest component
 D       Percentage of nodes in components of size at most 3 [-div option]
 R       Percentage of nodes not in L or D: 100 - L -D
 S       Percentage of nodes that are singletons
 E       Fraction of edges retained (input graph has 380)
 cce     Expected size of component, nodewise [ sum(sz^2) / sum^2(sz) ]
 EW      Edge weight traits (mean, median and IQR)
 ND      Node degree traits [mean, median and IQR]
 CCF     Clustering coefficient (scale 1-100)
 eff     Induced component efficiency relative to start graph (scale 1-1000)
Total number of nodes: 20
----------------------------------------------------------------------------------------------
  L   D   R   S     E     cce  EWmean   EWmed   EWiqr  NDmean   NDmed  NDiqr CCF  eff  Cutoff 
----------------------------------------------------------------------------------------------
100   0   0   0 1.000      20    0.78    0.77    0.06    19.0    19.5    0.5   -    -     0.50
100   0   0   0 1.000      20    0.78    0.77    0.06    19.0    19.5    0.5   -    -     0.51
100   0   0   0 1.000      20    0.78    0.77    0.06    19.0    19.5    0.5   -    -     0.52
100   0   0   0 1.000      20    0.78    0.77    0.06    19.0    19.5    0.5   -    -     0.53
100   0   0   0 1.000      20    0.78    0.77    0.06    19.0    19.5    0.5   -    -     0.54
100   0   0   0 1.000      20    0.78    0.77    0.06    19.0    19.5    0.5   -    -     0.55
100   0   0   0 1.000      20    0.78    0.77    0.06    19.0    19.5    0.5   -    -     0.56
100   0   0   0 1.000      20    0.78    0.77    0.06    19.0    19.5    0.5   -    -     0.57
100   0   0   0 1.000      20    0.78    0.77    0.06    19.0    19.5    0.5   -    -     0.58
100   0   0   0 1.000      20    0.78    0.77    0.06    19.0    19.5    0.5   -    -     0.59
100   0   0   0 1.000      20    0.78    0.77    0.06    19.0    19.5    0.5   -    -     0.60
100   0   0   0 0.989      20    0.78    0.77    0.06    18.8    19.5    0.5   -    -     0.61
100   0   0   0 0.989      20    0.78    0.77    0.06    18.8    19.5    0.5   -    -     0.62
100   0   0   0 0.989      20    0.78    0.77    0.06    18.8    19.5    0.5   -    -     0.63
100   0   0   0 0.989      20    0.78    0.77    0.06    18.8    19.5    0.5   -    -     0.64
100   0   0   0 0.989      20    0.78    0.77    0.06    18.8    19.5    0.5   -    -     0.65
100   0   0   0 0.979      20    0.78    0.77    0.06    18.6    19.5    0.5   -    -     0.66
100   0   0   0 0.932      20    0.79    0.77    0.06    17.7    18.5    2.5   -    -     0.67
100   0   0   0 0.895      20    0.80    0.78    0.06    17.0    18.5    1.5   -    -     0.68
100   0   0   0 0.826      20    0.81    0.78    0.06    15.7    17.5    2.5   -    -     0.69
100   0   0   0 0.800      20    0.81    0.78    0.08    15.2    16.5    2.5   -    -     0.70
100   0   0   0 0.800      20    0.81    0.78    0.08    15.2    16.5    2.5   -    -     0.71
100   0   0   0 0.800      20    0.81    0.78    0.08    15.2    16.5    2.5   -    -     0.72
100   0   0   0 0.774      20    0.81    0.78    0.08    14.7    16.5    1.5   -    -     0.73
100   0   0   0 0.753      20    0.81    0.78    0.08    14.3    16.5    1.5   -    -     0.74
 95   5   0   5 0.563      18    0.84    0.80    0.07    10.7    11.5    1.5   -    -     0.75
 95   5   0   5 0.553      18    0.84    0.80    0.07    10.5    11.5    1.5   -    -     0.76
 95   5   0   5 0.489      18    0.85    0.81    0.13     9.3    10.5    3.5   -    -     0.77
 85  15   0   5 0.337      15    0.88    0.85    0.19     6.4     8.5    2.5   -    -     0.78
 85  15   0   5 0.300      15    0.89    0.85    0.19     5.7     6.5    1.5   -    -     0.79
 80  20   0  10 0.274      13    0.90    0.85    0.16     5.2     6.5    1.5   -    -     0.80
 35  30  35  10 0.205       5    0.93    0.99    0.15     3.9     5.5    5.5   -    -     0.81
 35  30  35  10 0.205       5    0.93    0.99    0.15     3.9     5.5    5.5   -    -     0.82
 35  30  35  10 0.205       5    0.93    0.99    0.15     3.9     5.5    5.5   -    -     0.83
 35  40  25  10 0.179       4    0.95    0.99    0.15     3.4     4.5    5.5   -    -     0.84
 25  50  25  10 0.126       3    0.99    1.00    0.01     2.4     2.5    3.5   -    -     0.85
 25  50  25  10 0.126       3    0.99    1.00    0.01     2.4     2.5    3.5   -    -     0.86
 25  50  25  10 0.126       3    0.99    1.00    0.01     2.4     2.5    3.5   -    -     0.87
 25  50  25  10 0.126       3    0.99    1.00    0.01     2.4     2.5    3.5   -    -     0.88
 25  50  25  10 0.126       3    0.99    1.00    0.01     2.4     2.5    3.5   -    -     0.89
 25  50  25  10 0.126       3    0.99    1.00    0.01     2.4     2.5    3.5   -    -     0.90
 25  50  25  20 0.121       3    0.99    1.00    0.01     2.3     2.5    3.5   -    -     0.91
 25  50  25  20 0.121       3    0.99    1.00    0.01     2.3     2.5    3.5   -    -     0.92
 25  50  25  20 0.121       3    0.99    1.00    0.01     2.3     2.5    3.5   -    -     0.93
 25  50  25  20 0.121       3    0.99    1.00    0.01     2.3     2.5    3.5   -    -     0.94
 25  50  25  20 0.121       3    0.99    1.00    0.01     2.3     2.5    3.5   -    -     0.95
 25  50  25  20 0.121       3    0.99    1.00    0.01     2.3     2.5    3.5   -    -     0.96
 25  50  25  30 0.116       3    1.00    1.00    0.01     2.2     2.5    4.5   -    -     0.97
 25  50  25  30 0.116       3    1.00    1.00    0.01     2.2     2.5    4.5   -    -     0.98
 25  55  20  35 0.095       3    1.00    1.00    0.00     1.8     1.5    3.5   -    -     0.99
---------------------------------------------------------------------------------------------
