-------------------------------------------------------------------------------
 L       Percentage of nodes in the largest component
 D       Percentage of nodes in components of size at most 3 [-div option]
 R       Percentage of nodes not in L or D: 100 - L -D
 S       Percentage of nodes that are singletons
 E       Fraction of edges retained (input graph has 380)
 cce     Expected size of component, nodewise [ sum(sz^2) / sum^2(sz) ]
 EW      Edge weight traits (mean, median and IQR)
 ND      Node degree traits [mean, median and IQR]
 CCF     Clustering coefficient (scale 1-100)
 eff     Induced component efficiency relative to start graph (scale 1-1000)
Total number of nodes: 20
----------------------------------------------------------------------------------------------
  L   D   R   S     E     cce  EWmean   EWmed   EWiqr  NDmean   NDmed  NDiqr CCF  eff  Cutoff 
----------------------------------------------------------------------------------------------
100   0   0   0 0.311      20    0.56    0.53    0.05     5.9     5.5    2.5   -    -     0.50
100   0   0   0 0.226      20    0.58    0.54    0.03     4.3     4.5    2.5   -    -     0.51
 90  10   0   0 0.179      16    0.60    0.55    0.02     3.4     3.5    3.5   -    -     0.52
 45  30  25   5 0.153       6    0.62    0.56    0.02     2.9     2.5    4.5   -    -     0.53
 35  40  25  15 0.132       5    0.63    0.56    0.03     2.5     2.5    4.5   -    -     0.54
 30  50  20  30 0.095       3    0.66    0.56    0.09     1.8     1.5    3.5   -    -     0.55
  0 100   0  45 0.047       2    0.77    0.64    0.42     0.9     1.5    2.5   -    -     0.56
  0 100   0  60 0.037       2    0.83    1.00    0.39     0.7     0.5    2.5   -    -     0.57
  0 100   0  65 0.026       2    0.93    1.00    0.00     0.5     0.5    1.5   -    -     0.58
  0 100   0  65 0.026       2    0.93    1.00    0.00     0.5     0.5    1.5   -    -     0.59
  0 100   0  65 0.026       2    0.93    1.00    0.00     0.5     0.5    1.5   -    -     0.60
  0 100   0  65 0.026       2    0.93    1.00    0.00     0.5     0.5    1.5   -    -     0.61
  0 100   0  65 0.026       2    0.93    1.00    0.00     0.5     0.5    1.5   -    -     0.62
  0 100   0  65 0.026       2    0.93    1.00    0.00     0.5     0.5    1.5   -    -     0.63
  0 100   0  65 0.026       2    0.93    1.00    0.00     0.5     0.5    1.5   -    -     0.64
  0 100   0  75 0.021       1    1.00    1.00    0.00     0.4     0.5    0.5   -    -     0.65
  0 100   0  75 0.021       1    1.00    1.00    0.00     0.4     0.5    0.5   -    -     0.66
  0 100   0  75 0.021       1    1.00    1.00    0.00     0.4     0.5    0.5   -    -     0.67
  0 100   0  75 0.021       1    1.00    1.00    0.00     0.4     0.5    0.5   -    -     0.68
  0 100   0  75 0.021       1    1.00    1.00    0.00     0.4     0.5    0.5   -    -     0.69
  0 100   0  75 0.021       1    1.00    1.00    0.00     0.4     0.5    0.5   -    -     0.70
  0 100   0  75 0.021       1    1.00    1.00    0.00     0.4     0.5    0.5   -    -     0.71
  0 100   0  75 0.021       1    1.00    1.00    0.00     0.4     0.5    0.5   -    -     0.72
  0 100   0  75 0.021       1    1.00    1.00    0.00     0.4     0.5    0.5   -    -     0.73
  0 100   0  75 0.021       1    1.00    1.00    0.00     0.4     0.5    0.5   -    -     0.74
  0 100   0  75 0.021       1    1.00    1.00    0.00     0.4     0.5    0.5   -    -     0.75
  0 100   0  75 0.021       1    1.00    1.00    0.00     0.4     0.5    0.5   -    -     0.76
  0 100   0  75 0.021       1    1.00    1.00    0.00     0.4     0.5    0.5   -    -     0.77
  0 100   0  75 0.021       1    1.00    1.00    0.00     0.4     0.5    0.5   -    -     0.78
  0 100   0  75 0.021       1    1.00    1.00    0.00     0.4     0.5    0.5   -    -     0.79
  0 100   0  75 0.021       1    1.00    1.00    0.00     0.4     0.5    0.5   -    -     0.80
  0 100   0  75 0.021       1    1.00    1.00    0.00     0.4     0.5    0.5   -    -     0.81
  0 100   0  75 0.021       1    1.00    1.00    0.00     0.4     0.5    0.5   -    -     0.82
  0 100   0  75 0.021       1    1.00    1.00    0.00     0.4     0.5    0.5   -    -     0.83
  0 100   0  75 0.021       1    1.00    1.00    0.00     0.4     0.5    0.5   -    -     0.84
  0 100   0  75 0.021       1    1.00    1.00    0.00     0.4     0.5    0.5   -    -     0.85
  0 100   0  75 0.021       1    1.00    1.00    0.00     0.4     0.5    0.5   -    -     0.86
  0 100   0  75 0.021       1    1.00    1.00    0.00     0.4     0.5    0.5   -    -     0.87
  0 100   0  75 0.021       1    1.00    1.00    0.00     0.4     0.5    0.5   -    -     0.88
  0 100   0  75 0.021       1    1.00    1.00    0.00     0.4     0.5    0.5   -    -     0.89
  0 100   0  75 0.021       1    1.00    1.00    0.00     0.4     0.5    0.5   -    -     0.90
  0 100   0  75 0.021       1    1.00    1.00    0.00     0.4     0.5    0.5   -    -     0.91
  0 100   0  75 0.021       1    1.00    1.00    0.00     0.4     0.5    0.5   -    -     0.92
  0 100   0  75 0.021       1    1.00    1.00    0.00     0.4     0.5    0.5   -    -     0.93
  0 100   0  75 0.021       1    1.00    1.00    0.00     0.4     0.5    0.5   -    -     0.94
  0 100   0  75 0.021       1    1.00    1.00    0.00     0.4     0.5    0.5   -    -     0.95
  0 100   0  75 0.021       1    1.00    1.00    0.00     0.4     0.5    0.5   -    -     0.96
  0 100   0  75 0.021       1    1.00    1.00    0.00     0.4     0.5    0.5   -    -     0.97
  0 100   0  75 0.021       1    1.00    1.00    0.00     0.4     0.5    0.5   -    -     0.98
  0 100   0  75 0.021       1    1.00    1.00    0.00     0.4     0.5    0.5   -    -     0.99
---------------------------------------------------------------------------------------------
