1.0000 0.7421 0.7423 0.9992 0.7422 0.9994 0.6594 0.9095 0.9981 0.7419 0.9097 0.9988 0.9993 0.7425 0.9993 0.7420 0.7423 0.7421 0.9068 0.9991
0.7421 1.0000 0.9979 0.7422 0.9974 0.7421 0.5731 0.7170 0.7420 0.9979 0.7170 0.7422 0.7421 0.9886 0.7421 0.9961 0.9976 0.9979 0.7158 0.7421
0.7423 0.9979 1.0000 0.7424 0.9973 0.7423 0.5731 0.7172 0.7422 0.9971 0.7172 0.7424 0.7424 0.9893 0.7424 0.9959 0.9986 0.9972 0.7160 0.7424
0.9992 0.7422 0.7424 1.0000 0.7423 0.9992 0.6594 0.9095 0.9981 0.7419 0.9097 0.9987 0.9994 0.7426 0.9992 0.7421 0.7424 0.7422 0.9068 0.9993
0.7422 0.9974 0.9973 0.7423 1.0000 0.7422 0.5730 0.7171 0.7421 0.9981 0.7171 0.7423 0.7422 0.9891 0.7422 0.9967 0.9965 0.9985 0.7159 0.7423
0.9994 0.7421 0.7423 0.9992 0.7422 1.0000 0.6595 0.9096 0.9981 0.7419 0.9098 0.9986 0.9993 0.7425 0.9991 0.7420 0.7423 0.7421 0.9069 0.9990
0.6594 0.5731 0.5731 0.6594 0.5730 0.6595 1.0000 0.6734 0.6598 0.5728 0.6735 0.6595 0.6595 0.5721 0.6595 0.5730 0.5731 0.5731 0.6735 0.6594
0.9095 0.7170 0.7172 0.9095 0.7171 0.9096 0.6734 1.0000 0.9107 0.7168 0.9989 0.9097 0.9096 0.7174 0.9096 0.7170 0.7172 0.7170 0.9969 0.9095
0.9981 0.7420 0.7422 0.9981 0.7421 0.9981 0.6598 0.9107 1.0000 0.7418 0.9108 0.9980 0.9982 0.7424 0.9983 0.7419 0.7422 0.7420 0.9079 0.9981
0.7419 0.9979 0.9971 0.7419 0.9981 0.7419 0.5728 0.7168 0.7418 1.0000 0.7168 0.7420 0.7419 0.9889 0.7419 0.9966 0.9968 0.9984 0.7156 0.7419
0.9097 0.7170 0.7172 0.9097 0.7171 0.9098 0.6735 0.9989 0.9108 0.7168 1.0000 0.9099 0.9098 0.7174 0.9098 0.7170 0.7172 0.7170 0.9966 0.9097
0.9988 0.7422 0.7424 0.9987 0.7423 0.9986 0.6595 0.9097 0.9980 0.7420 0.9099 1.0000 0.9989 0.7426 0.9989 0.7421 0.7424 0.7422 0.9070 0.9987
0.9993 0.7421 0.7424 0.9994 0.7422 0.9993 0.6595 0.9096 0.9982 0.7419 0.9098 0.9989 1.0000 0.7425 0.9993 0.7420 0.7424 0.7421 0.9069 0.9993
0.7425 0.9886 0.9893 0.7426 0.9891 0.7425 0.5721 0.7174 0.7424 0.9889 0.7174 0.7426 0.7425 1.0000 0.7426 0.9886 0.9894 0.9886 0.7161 0.7426
0.9993 0.7421 0.7424 0.9992 0.7422 0.9991 0.6595 0.9096 0.9983 0.7419 0.9098 0.9989 0.9993 0.7426 1.0000 0.7420 0.7424 0.7421 0.9069 0.9991
0.7420 0.9961 0.9959 0.7421 0.9967 0.7420 0.5730 0.7170 0.7419 0.9966 0.7170 0.7421 0.7420 0.9886 0.7420 1.0000 0.9953 0.9964 0.7158 0.7420
0.7423 0.9976 0.9986 0.7424 0.9965 0.7423 0.5731 0.7172 0.7422 0.9968 0.7172 0.7424 0.7424 0.9894 0.7424 0.9953 1.0000 0.9965 0.7160 0.7424
0.7421 0.9979 0.9972 0.7422 0.9985 0.7421 0.5731 0.7170 0.7420 0.9984 0.7170 0.7422 0.7421 0.9886 0.7421 0.9964 0.9965 1.0000 0.7158 0.7422
0.9068 0.7158 0.7160 0.9068 0.7159 0.9069 0.6735 0.9969 0.9079 0.7156 0.9966 0.9070 0.9069 0.7161 0.9069 0.7158 0.7160 0.7158 1.0000 0.9068
0.9991 0.7421 0.7424 0.9993 0.7423 0.9990 0.6594 0.9095 0.9981 0.7419 0.9097 0.9987 0.9993 0.7426 0.9991 0.7420 0.7424 0.7422 0.9068 1.0000
