-------------------------------------------------------------------------------
 L       Percentage of nodes in the largest component
 D       Percentage of nodes in components of size at most 3 [-div option]
 R       Percentage of nodes not in L or D: 100 - L -D
 S       Percentage of nodes that are singletons
 E       Fraction of edges retained (input graph has 380)
 cce     Expected size of component, nodewise [ sum(sz^2) / sum^2(sz) ]
 EW      Edge weight traits (mean, median and IQR)
 ND      Node degree traits [mean, median and IQR]
 CCF     Clustering coefficient (scale 1-100)
 eff     Induced component efficiency relative to start graph (scale 1-1000)
Total number of nodes: 20
----------------------------------------------------------------------------------------------
  L   D   R   S     E     cce  EWmean   EWmed   EWiqr  NDmean   NDmed  NDiqr CCF  eff  Cutoff 
----------------------------------------------------------------------------------------------
100   0   0   0 1.000      20    0.73    0.73    0.11    19.0    19.5    0.5   -    -     0.50
100   0   0   0 1.000      20    0.73    0.73    0.11    19.0    19.5    0.5   -    -     0.51
100   0   0   0 1.000      20    0.73    0.73    0.11    19.0    19.5    0.5   -    -     0.52
100   0   0   0 1.000      20    0.73    0.73    0.11    19.0    19.5    0.5   -    -     0.53
100   0   0   0 0.995      20    0.73    0.73    0.11    18.9    19.5    0.5   -    -     0.54
100   0   0   0 0.995      20    0.73    0.73    0.11    18.9    19.5    0.5   -    -     0.55
100   0   0   0 0.989      20    0.73    0.73    0.11    18.8    19.5    0.5   -    -     0.56
100   0   0   0 0.989      20    0.73    0.73    0.11    18.8    19.5    0.5   -    -     0.57
100   0   0   0 0.984      20    0.73    0.73    0.11    18.7    19.5    0.5   -    -     0.58
100   0   0   0 0.979      20    0.73    0.73    0.11    18.6    19.5    0.5   -    -     0.59
100   0   0   0 0.963      20    0.73    0.73    0.11    18.3    19.5    1.5   -    -     0.60
100   0   0   0 0.953      20    0.74    0.73    0.11    18.1    18.5    1.5   -    -     0.61
100   0   0   0 0.926      20    0.74    0.74    0.11    17.6    18.5    1.5   -    -     0.62
100   0   0   0 0.879      20    0.75    0.74    0.11    16.7    17.5    1.5   -    -     0.63
100   0   0   0 0.837      20    0.75    0.74    0.11    15.9    17.5    2.5   -    -     0.64
100   0   0   0 0.837      20    0.75    0.74    0.11    15.9    17.5    2.5   -    -     0.65
100   0   0   0 0.768      20    0.76    0.75    0.09    14.6    16.5    3.5   -    -     0.66
100   0   0   0 0.758      20    0.76    0.75    0.09    14.4    16.5    3.5   -    -     0.67
100   0   0   0 0.684      20    0.77    0.76    0.08    13.0    14.5    4.5   -    -     0.68
 95   5   0   5 0.637      18    0.78    0.76    0.07    12.1    14.5    3.5   -    -     0.69
 95   5   0   5 0.611      18    0.78    0.76    0.07    11.6    14.5    4.5   -    -     0.70
 95   5   0   5 0.600      18    0.78    0.76    0.07    11.4    13.5    3.5   -    -     0.71
 95   5   0   5 0.537      18    0.79    0.78    0.06    10.2    12.5    6.5   -    -     0.72
 95   5   0   5 0.500      18    0.79    0.79    0.06     9.5    10.5    6.5   -    -     0.73
 90  10   0  10 0.432      16    0.80    0.80    0.05     8.2     7.5    6.5   -    -     0.74
 90  10   0  10 0.389      16    0.81    0.80    0.05     7.4     7.5    7.5   -    -     0.75
 90  10   0  10 0.332      16    0.82    0.81    0.03     6.3     7.5    6.5   -    -     0.76
 90  10   0  10 0.289      16    0.83    0.81    0.03     5.5     7.5    4.5   -    -     0.77
 70  10  20  10 0.274      11    0.83    0.81    0.03     5.2     7.5    5.5   -    -     0.78
 70  30   0  20 0.237      10    0.84    0.81    0.04     4.5     5.5    6.5   -    -     0.79
 65  35   0  25 0.216       9    0.84    0.81    0.04     4.1     4.5    5.5   -    -     0.80
 55  45   0  35 0.116       7    0.87    0.84    0.13     2.2     1.5    3.5   -    -     0.81
 35  65   0  50 0.079       3    0.90    0.86    0.11     1.5     0.5    2.5   -    -     0.82
 30  70   0  55 0.074       3    0.91    0.90    0.12     1.4     0.5    2.5   -    -     0.83
 25  75   0  60 0.068       2    0.91    0.93    0.11     1.3     0.5    2.5   -    -     0.84
 25  75   0  60 0.053       2    0.93    0.95    0.11     1.0     0.5    2.5   -    -     0.85
  0 100   0  60 0.037       2    0.97    0.97    0.04     0.7     0.5    2.5   -    -     0.86
  0 100   0  60 0.037       2    0.97    0.97    0.04     0.7     0.5    2.5   -    -     0.87
  0 100   0  60 0.037       2    0.97    0.97    0.04     0.7     0.5    2.5   -    -     0.88
  0 100   0  60 0.037       2    0.97    0.97    0.04     0.7     0.5    2.5   -    -     0.89
  0 100   0  60 0.037       2    0.97    0.97    0.04     0.7     0.5    2.5   -    -     0.90
  0 100   0  60 0.037       2    0.97    0.97    0.04     0.7     0.5    2.5   -    -     0.91
  0 100   0  60 0.037       2    0.97    0.97    0.04     0.7     0.5    2.5   -    -     0.92
  0 100   0  60 0.037       2    0.97    0.97    0.04     0.7     0.5    2.5   -    -     0.93
  0 100   0  70 0.032       2    0.97    0.97    0.05     0.6     0.5    2.5   -    -     0.94
  0 100   0  75 0.021       1    0.98    0.98    0.03     0.4     0.5    0.5   -    -     0.95
  0 100   0  75 0.021       1    0.98    0.98    0.03     0.4     0.5    0.5   -    -     0.96
  0 100   0  80 0.011       1    1.00    1.00    0.00     0.2     0.5    0.5   -    -     0.97
  0 100   0  80 0.011       1    1.00    1.00    0.00     0.2     0.5    0.5   -    -     0.98
  0 100   0  80 0.011       1    1.00    1.00    0.00     0.2     0.5    0.5   -    -     0.99
---------------------------------------------------------------------------------------------
