1.0000	0.6427	0.6191	0.7589	0.6650	0.6850	0.6536	0.6444	0.6270	0.6145	0.6145	0.6356	0.6339	0.6268	0.6576	0.6150	0.6274	0.6847	0.6338	0.6891
0.6427	1.0000	0.6742	0.7404	0.7723	0.6282	0.9266	0.7943	0.7030	0.6984	0.6984	0.7572	0.7308	0.7110	0.8084	0.7083	0.7036	0.7826	0.7781	0.8646
0.6191	0.6742	1.0000	0.6445	0.7088	0.6093	0.6815	0.7225	0.6991	0.6795	0.6795	0.7312	0.6819	0.7004	0.7145	0.7014	0.6998	0.7380	0.6559	0.7177
0.7589	0.7404	0.6445	1.0000	0.7209	0.7351	0.7463	0.7020	0.6601	0.6617	0.6617	0.6959	0.6893	0.6648	0.7095	0.6663	0.6606	0.7256	0.7130	0.7699
0.6650	0.7723	0.7088	0.7209	1.0000	0.6840	0.7799	0.8474	0.7429	0.7718	0.7718	0.7860	0.7857	0.7530	0.8651	0.6980	0.7438	0.8700	0.7200	0.8162
0.6850	0.6282	0.6093	0.7351	0.6840	1.0000	0.6332	0.6657	0.6324	0.7220	0.7220	0.6566	0.7124	0.6326	0.6779	0.6433	0.6324	0.6982	0.6588	0.6649
0.6536	0.9266	0.6815	0.7463	0.7799	0.6332	1.0000	0.7929	0.7067	0.7002	0.7002	0.7510	0.7340	0.7057	0.8047	0.7027	0.7071	0.7947	0.7775	0.8935
0.6444	0.7943	0.7225	0.7020	0.8474	0.6657	0.7929	1.0000	0.7350	0.7723	0.7723	0.8213	0.7704	0.7493	0.9133	0.7052	0.7359	0.8648	0.7024	0.7954
0.6270	0.7030	0.6991	0.6601	0.7429	0.6324	0.7067	0.7350	1.0000	0.7005	0.7005	0.7734	0.6780	0.9313	0.7361	0.7092	0.9938	0.7631	0.6832	0.7296
0.6145	0.6984	0.6795	0.6617	0.7718	0.7220	0.7002	0.7723	0.7005	1.0000	1.0000	0.7566	0.8263	0.7031	0.7828	0.7179	0.7006	0.7956	0.7095	0.7302
0.6145	0.6984	0.6795	0.6617	0.7718	0.7220	0.7002	0.7723	0.7005	1.0000	1.0000	0.7566	0.8263	0.7031	0.7828	0.7179	0.7006	0.7956	0.7095	0.7302
0.6356	0.7572	0.7312	0.6959	0.7860	0.6566	0.7510	0.8213	0.7734	0.7566	0.7566	1.0000	0.7514	0.7851	0.8047	0.7513	0.7752	0.8160	0.6975	0.7694
0.6339	0.7308	0.6819	0.6893	0.7857	0.7124	0.7340	0.7704	0.6780	0.8263	0.8263	0.7514	1.0000	0.6878	0.7866	0.7265	0.6791	0.7973	0.7416	0.7674
0.6268	0.7110	0.7004	0.6648	0.7530	0.6326	0.7057	0.7493	0.9313	0.7031	0.7031	0.7851	0.6878	1.0000	0.7484	0.7172	0.9342	0.7645	0.6893	0.7285
0.6576	0.8084	0.7145	0.7095	0.8651	0.6779	0.8047	0.9133	0.7361	0.7828	0.7828	0.8047	0.7866	0.7484	1.0000	0.7074	0.7370	0.8997	0.7130	0.8227
0.6150	0.7083	0.7014	0.6663	0.6980	0.6433	0.7027	0.7052	0.7092	0.7179	0.7179	0.7513	0.7265	0.7172	0.7074	1.0000	0.7102	0.7215	0.7890	0.7300
0.6274	0.7036	0.6998	0.6606	0.7438	0.6324	0.7071	0.7359	0.9938	0.7006	0.7006	0.7752	0.6791	0.9342	0.7370	0.7102	1.0000	0.7639	0.6835	0.7301
0.6847	0.7826	0.7380	0.7256	0.8700	0.6982	0.7947	0.8648	0.7631	0.7956	0.7956	0.8160	0.7973	0.7645	0.8997	0.7215	0.7639	1.0000	0.7215	0.8455
0.6338	0.7781	0.6559	0.7130	0.7200	0.6588	0.7775	0.7024	0.6832	0.7095	0.7095	0.6975	0.7416	0.6893	0.7130	0.7890	0.6835	0.7215	1.0000	0.7803
0.6891	0.8646	0.7177	0.7699	0.8162	0.6649	0.8935	0.7954	0.7296	0.7302	0.7302	0.7694	0.7674	0.7285	0.8227	0.7300	0.7301	0.8455	0.7803	1.0000
