-------------------------------------------------------------------------------
 L       Percentage of nodes in the largest component
 D       Percentage of nodes in components of size at most 3 [-div option]
 R       Percentage of nodes not in L or D: 100 - L -D
 S       Percentage of nodes that are singletons
 E       Fraction of edges retained (input graph has 380)
 cce     Expected size of component, nodewise [ sum(sz^2) / sum^2(sz) ]
 EW      Edge weight traits (mean, median and IQR)
 ND      Node degree traits [mean, median and IQR]
 CCF     Clustering coefficient (scale 1-100)
 eff     Induced component efficiency relative to start graph (scale 1-1000)
Total number of nodes: 20
----------------------------------------------------------------------------------------------
  L   D   R   S     E     cce  EWmean   EWmed   EWiqr  NDmean   NDmed  NDiqr CCF  eff  Cutoff 
----------------------------------------------------------------------------------------------
100   0   0   0 1.000      20    0.73    0.72    0.08    19.0    19.5    0.5   -    -     0.50
100   0   0   0 1.000      20    0.73    0.72    0.08    19.0    19.5    0.5   -    -     0.51
100   0   0   0 1.000      20    0.73    0.72    0.08    19.0    19.5    0.5   -    -     0.52
100   0   0   0 1.000      20    0.73    0.72    0.08    19.0    19.5    0.5   -    -     0.53
100   0   0   0 1.000      20    0.73    0.72    0.08    19.0    19.5    0.5   -    -     0.54
100   0   0   0 1.000      20    0.73    0.72    0.08    19.0    19.5    0.5   -    -     0.55
100   0   0   0 1.000      20    0.73    0.72    0.08    19.0    19.5    0.5   -    -     0.56
100   0   0   0 1.000      20    0.73    0.72    0.08    19.0    19.5    0.5   -    -     0.57
100   0   0   0 1.000      20    0.73    0.72    0.08    19.0    19.5    0.5   -    -     0.58
100   0   0   0 1.000      20    0.73    0.72    0.08    19.0    19.5    0.5   -    -     0.59
100   0   0   0 1.000      20    0.73    0.72    0.08    19.0    19.5    0.5   -    -     0.60
100   0   0   0 0.995      20    0.73    0.72    0.08    18.9    19.5    0.5   -    -     0.61
100   0   0   0 0.974      20    0.73    0.72    0.08    18.5    19.5    1.5   -    -     0.62
100   0   0   0 0.953      20    0.74    0.72    0.07    18.1    18.5    1.5   -    -     0.63
100   0   0   0 0.916      20    0.74    0.73    0.07    17.4    18.5    2.5   -    -     0.64
100   0   0   0 0.895      20    0.74    0.73    0.07    17.0    18.5    1.5   -    -     0.65
100   0   0   0 0.868      20    0.75    0.73    0.08    16.5    17.5    1.5   -    -     0.66
100   0   0   0 0.821      20    0.75    0.73    0.08    15.6    17.5    1.5   -    -     0.67
100   0   0   0 0.789      20    0.75    0.74    0.08    15.0    16.5    2.5   -    -     0.68
100   0   0   0 0.732      20    0.76    0.74    0.07    13.9    16.5    4.5   -    -     0.69
100   0   0   0 0.689      20    0.76    0.75    0.07    13.1    14.5    3.5   -    -     0.70
100   0   0   0 0.553      20    0.78    0.77    0.06    10.5    10.5    5.5   -    -     0.71
100   0   0   0 0.500      20    0.78    0.77    0.06     9.5     9.5    6.5   -    -     0.72
100   0   0   0 0.442      20    0.79    0.78    0.05     8.4     8.5    8.5   -    -     0.73
 90  10   0  10 0.374      16    0.80    0.78    0.05     7.1     7.5    5.5   -    -     0.74
 90  10   0  10 0.337      16    0.81    0.79    0.05     6.4     7.5    6.5   -    -     0.75
 85  15   0  15 0.295      15    0.82    0.79    0.05     5.6     6.5    4.5   -    -     0.76
 80  20   0  20 0.263      13    0.82    0.80    0.06     5.0     6.5    4.5   -    -     0.77
 80  20   0  20 0.205      13    0.84    0.82    0.07     3.9     4.5    3.5   -    -     0.78
 55  45   0  30 0.158       7    0.85    0.83    0.09     3.0     3.5    4.5   -    -     0.79
 40  60   0  30 0.121       4    0.87    0.86    0.08     2.3     2.5    3.5   -    -     0.80
 40  60   0  30 0.105       4    0.88    0.86    0.09     2.0     2.5    2.5   -    -     0.81
 40  60   0  30 0.095       4    0.89    0.87    0.08     1.8     2.5    2.5   -    -     0.82
 35  65   0  40 0.074       4    0.90    0.90    0.07     1.4     1.5    2.5   -    -     0.83
 35  65   0  40 0.074       4    0.90    0.90    0.07     1.4     1.5    2.5   -    -     0.84
 20  80   0  40 0.063       2    0.91    0.91    0.06     1.2     1.5    2.5   -    -     0.85
 20  80   0  40 0.063       2    0.91    0.91    0.06     1.2     1.5    2.5   -    -     0.86
 20  80   0  40 0.047       2    0.93    0.93    0.03     0.9     1.5    2.5   -    -     0.87
  0 100   0  45 0.042       2    0.94    0.93    0.02     0.8     1.5    1.5   -    -     0.88
  0 100   0  45 0.042       2    0.94    0.93    0.02     0.8     1.5    1.5   -    -     0.89
  0 100   0  55 0.032       2    0.95    0.93    0.07     0.6     0.5    1.5   -    -     0.90
  0 100   0  55 0.032       2    0.95    0.93    0.07     0.6     0.5    1.5   -    -     0.91
  0 100   0  65 0.026       2    0.96    0.93    0.06     0.5     0.5    1.5   -    -     0.92
  0 100   0  75 0.021       1    0.96    0.96    0.06     0.4     0.5    0.5   -    -     0.93
  0 100   0  80 0.011       1    1.00    1.00    0.01     0.2     0.5    0.5   -    -     0.94
  0 100   0  80 0.011       1    1.00    1.00    0.01     0.2     0.5    0.5   -    -     0.95
  0 100   0  80 0.011       1    1.00    1.00    0.01     0.2     0.5    0.5   -    -     0.96
  0 100   0  80 0.011       1    1.00    1.00    0.01     0.2     0.5    0.5   -    -     0.97
  0 100   0  80 0.011       1    1.00    1.00    0.01     0.2     0.5    0.5   -    -     0.98
  0 100   0  80 0.011       1    1.00    1.00    0.01     0.2     0.5    0.5   -    -     0.99
---------------------------------------------------------------------------------------------
