-------------------------------------------------------------------------------
 L       Percentage of nodes in the largest component
 D       Percentage of nodes in components of size at most 3 [-div option]
 R       Percentage of nodes not in L or D: 100 - L -D
 S       Percentage of nodes that are singletons
 E       Fraction of edges retained (input graph has 380)
 cce     Expected size of component, nodewise [ sum(sz^2) / sum^2(sz) ]
 EW      Edge weight traits (mean, median and IQR)
 ND      Node degree traits [mean, median and IQR]
 CCF     Clustering coefficient (scale 1-100)
 eff     Induced component efficiency relative to start graph (scale 1-1000)
Total number of nodes: 20
----------------------------------------------------------------------------------------------
  L   D   R   S     E     cce  EWmean   EWmed   EWiqr  NDmean   NDmed  NDiqr CCF  eff  Cutoff 
----------------------------------------------------------------------------------------------
100   0   0   0 1.000      20    0.79    0.59    0.41    19.0    19.5    0.5   -    -     0.50
100   0   0   0 1.000      20    0.79    0.59    0.41    19.0    19.5    0.5   -    -     0.51
100   0   0   0 1.000      20    0.79    0.59    0.41    19.0    19.5    0.5   -    -     0.52
100   0   0   0 1.000      20    0.79    0.59    0.41    19.0    19.5    0.5   -    -     0.53
100   0   0   0 1.000      20    0.79    0.59    0.41    19.0    19.5    0.5   -    -     0.54
100   0   0   0 1.000      20    0.79    0.59    0.41    19.0    19.5    0.5   -    -     0.55
100   0   0   0 1.000      20    0.79    0.59    0.41    19.0    19.5    0.5   -    -     0.56
100   0   0   0 1.000      20    0.79    0.59    0.41    19.0    19.5    0.5   -    -     0.57
100   0   0   0 1.000      20    0.79    0.59    0.41    19.0    19.5    0.5   -    -     0.58
 60   0  40   0 0.495      10    1.00    1.00    0.00     9.4    11.5    4.5   -    -     0.59
 60   0  40   0 0.495      10    1.00    1.00    0.00     9.4    11.5    4.5   -    -     0.60
 60   0  40   0 0.495      10    1.00    1.00    0.00     9.4    11.5    4.5   -    -     0.61
 60   0  40   0 0.495      10    1.00    1.00    0.00     9.4    11.5    4.5   -    -     0.62
 60   0  40   0 0.495      10    1.00    1.00    0.00     9.4    11.5    4.5   -    -     0.63
 60   0  40   0 0.495      10    1.00    1.00    0.00     9.4    11.5    4.5   -    -     0.64
 60   0  40   0 0.495      10    1.00    1.00    0.00     9.4    11.5    4.5   -    -     0.65
 60   0  40   0 0.495      10    1.00    1.00    0.00     9.4    11.5    4.5   -    -     0.66
 60   0  40   0 0.495      10    1.00    1.00    0.00     9.4    11.5    4.5   -    -     0.67
 60   0  40   0 0.495      10    1.00    1.00    0.00     9.4    11.5    4.5   -    -     0.68
 60   0  40   0 0.495      10    1.00    1.00    0.00     9.4    11.5    4.5   -    -     0.69
 60   0  40   0 0.495      10    1.00    1.00    0.00     9.4    11.5    4.5   -    -     0.70
 60   0  40   0 0.495      10    1.00    1.00    0.00     9.4    11.5    4.5   -    -     0.71
 60   0  40   0 0.495      10    1.00    1.00    0.00     9.4    11.5    4.5   -    -     0.72
 60   0  40   0 0.495      10    1.00    1.00    0.00     9.4    11.5    4.5   -    -     0.73
 60   0  40   0 0.495      10    1.00    1.00    0.00     9.4    11.5    4.5   -    -     0.74
 60   0  40   0 0.495      10    1.00    1.00    0.00     9.4    11.5    4.5   -    -     0.75
 60   0  40   0 0.495      10    1.00    1.00    0.00     9.4    11.5    4.5   -    -     0.76
 60   0  40   0 0.495      10    1.00    1.00    0.00     9.4    11.5    4.5   -    -     0.77
 60   0  40   0 0.495      10    1.00    1.00    0.00     9.4    11.5    4.5   -    -     0.78
 60   0  40   0 0.495      10    1.00    1.00    0.00     9.4    11.5    4.5   -    -     0.79
 60   0  40   0 0.495      10    1.00    1.00    0.00     9.4    11.5    4.5   -    -     0.80
 60   0  40   0 0.495      10    1.00    1.00    0.00     9.4    11.5    4.5   -    -     0.81
 60   0  40   0 0.495      10    1.00    1.00    0.00     9.4    11.5    4.5   -    -     0.82
 60   0  40   0 0.495      10    1.00    1.00    0.00     9.4    11.5    4.5   -    -     0.83
 60   0  40   0 0.495      10    1.00    1.00    0.00     9.4    11.5    4.5   -    -     0.84
 60   0  40   0 0.495      10    1.00    1.00    0.00     9.4    11.5    4.5   -    -     0.85
 60   0  40   0 0.495      10    1.00    1.00    0.00     9.4    11.5    4.5   -    -     0.86
 60   0  40   0 0.495      10    1.00    1.00    0.00     9.4    11.5    4.5   -    -     0.87
 60   0  40   0 0.495      10    1.00    1.00    0.00     9.4    11.5    4.5   -    -     0.88
 60   0  40   0 0.495      10    1.00    1.00    0.00     9.4    11.5    4.5   -    -     0.89
 60   0  40   0 0.495      10    1.00    1.00    0.00     9.4    11.5    4.5   -    -     0.90
 60   0  40   0 0.495      10    1.00    1.00    0.00     9.4    11.5    4.5   -    -     0.91
 60   0  40   0 0.495      10    1.00    1.00    0.00     9.4    11.5    4.5   -    -     0.92
 60   0  40   0 0.495      10    1.00    1.00    0.00     9.4    11.5    4.5   -    -     0.93
 60   0  40   0 0.495      10    1.00    1.00    0.00     9.4    11.5    4.5   -    -     0.94
 60   0  40   0 0.495      10    1.00    1.00    0.00     9.4    11.5    4.5   -    -     0.95
 60   0  40   0 0.495      10    1.00    1.00    0.00     9.4    11.5    4.5   -    -     0.96
 60   0  40   0 0.495      10    1.00    1.00    0.00     9.4    11.5    4.5   -    -     0.97
 60   0  40   0 0.495      10    1.00    1.00    0.00     9.4    11.5    4.5   -    -     0.98
 60   0  40   0 0.495      10    1.00    1.00    0.00     9.4    11.5    4.5   -    -     0.99
---------------------------------------------------------------------------------------------
