1.0000	0.9955	0.9967	0.9971	0.6392	0.6392	0.6392	0.9976	0.9968	0.9992	0.9994	0.9956	0.9971	0.9994	0.9969	0.9971	0.9971	0.6177	0.9994	0.9971
0.9955	1.0000	0.9962	0.9967	0.6398	0.6398	0.6399	0.9966	0.9960	0.9954	0.9954	0.9989	0.9966	0.9954	0.9964	0.9963	0.9967	0.6184	0.9955	0.9963
0.9967	0.9962	1.0000	0.9983	0.6398	0.6398	0.6398	0.9981	0.9978	0.9966	0.9967	0.9964	0.9983	0.9966	0.9980	0.9982	0.9981	0.6183	0.9967	0.9984
0.9971	0.9967	0.9983	1.0000	0.6397	0.6398	0.6398	0.9991	0.9985	0.9971	0.9971	0.9969	0.9996	0.9971	0.9989	0.9993	0.9992	0.6183	0.9971	0.9993
0.6392	0.6398	0.6398	0.6397	1.0000	0.9989	0.9992	0.6397	0.6397	0.6392	0.6392	0.6398	0.6397	0.6392	0.6397	0.6397	0.6398	0.9093	0.6392	0.6397
0.6392	0.6398	0.6398	0.6398	0.9989	1.0000	0.9992	0.6397	0.6397	0.6392	0.6392	0.6398	0.6397	0.6392	0.6397	0.6397	0.6398	0.9092	0.6392	0.6397
0.6392	0.6399	0.6398	0.6398	0.9992	0.9992	1.0000	0.6398	0.6397	0.6392	0.6392	0.6398	0.6398	0.6392	0.6397	0.6397	0.6398	0.9092	0.6392	0.6398
0.9976	0.9966	0.9981	0.9991	0.6397	0.6397	0.6398	1.0000	0.9983	0.9975	0.9975	0.9968	0.9991	0.9975	0.9985	0.9989	0.9990	0.6182	0.9976	0.9989
0.9968	0.9960	0.9978	0.9985	0.6397	0.6397	0.6397	0.9983	1.0000	0.9969	0.9969	0.9961	0.9985	0.9968	0.9982	0.9989	0.9984	0.6182	0.9969	0.9988
0.9992	0.9954	0.9966	0.9971	0.6392	0.6392	0.6392	0.9975	0.9969	1.0000	0.9992	0.9955	0.9970	0.9995	0.9968	0.9971	0.9970	0.6177	0.9990	0.9971
0.9994	0.9954	0.9967	0.9971	0.6392	0.6392	0.6392	0.9975	0.9969	0.9992	1.0000	0.9956	0.9971	0.9994	0.9969	0.9971	0.9971	0.6177	0.9998	0.9971
0.9956	0.9989	0.9964	0.9969	0.6398	0.6398	0.6398	0.9968	0.9961	0.9955	0.9956	1.0000	0.9968	0.9956	0.9965	0.9965	0.9969	0.6183	0.9956	0.9965
0.9971	0.9966	0.9983	0.9996	0.6397	0.6397	0.6398	0.9991	0.9985	0.9970	0.9971	0.9968	1.0000	0.9971	0.9988	0.9993	0.9994	0.6183	0.9971	0.9992
0.9994	0.9954	0.9966	0.9971	0.6392	0.6392	0.6392	0.9975	0.9968	0.9995	0.9994	0.9956	0.9971	1.0000	0.9968	0.9971	0.9970	0.6177	0.9992	0.9971
0.9969	0.9964	0.9980	0.9989	0.6397	0.6397	0.6397	0.9985	0.9982	0.9968	0.9969	0.9965	0.9988	0.9968	1.0000	0.9987	0.9986	0.6182	0.9969	0.9987
0.9971	0.9963	0.9982	0.9993	0.6397	0.6397	0.6397	0.9989	0.9989	0.9971	0.9971	0.9965	0.9993	0.9971	0.9987	1.0000	0.9989	0.6182	0.9971	0.9994
0.9971	0.9967	0.9981	0.9992	0.6398	0.6398	0.6398	0.9990	0.9984	0.9970	0.9971	0.9969	0.9994	0.9970	0.9986	0.9989	1.0000	0.6183	0.9971	0.9989
0.6177	0.6184	0.6183	0.6183	0.9093	0.9092	0.9092	0.6182	0.6182	0.6177	0.6177	0.6183	0.6183	0.6177	0.6182	0.6182	0.6183	1.0000	0.6177	0.6182
0.9994	0.9955	0.9967	0.9971	0.6392	0.6392	0.6392	0.9976	0.9969	0.9990	0.9998	0.9956	0.9971	0.9992	0.9969	0.9971	0.9971	0.6177	1.0000	0.9971
0.9971	0.9963	0.9984	0.9993	0.6397	0.6397	0.6398	0.9989	0.9988	0.9971	0.9971	0.9965	0.9992	0.9971	0.9987	0.9994	0.9989	0.6182	0.9971	1.0000
