-------------------------------------------------------------------------------
 L       Percentage of nodes in the largest component
 D       Percentage of nodes in components of size at most 3 [-div option]
 R       Percentage of nodes not in L or D: 100 - L -D
 S       Percentage of nodes that are singletons
 E       Fraction of edges retained (input graph has 380)
 cce     Expected size of component, nodewise [ sum(sz^2) / sum^2(sz) ]
 EW      Edge weight traits (mean, median and IQR)
 ND      Node degree traits [mean, median and IQR]
 CCF     Clustering coefficient (scale 1-100)
 eff     Induced component efficiency relative to start graph (scale 1-1000)
Total number of nodes: 20
----------------------------------------------------------------------------------------------
  L   D   R   S     E     cce  EWmean   EWmed   EWiqr  NDmean   NDmed  NDiqr CCF  eff  Cutoff 
----------------------------------------------------------------------------------------------
100   0   0   0 0.958      20    0.64    0.63    0.10    18.2    18.5    1.5   -    -     0.50
100   0   0   0 0.947      20    0.64    0.64    0.10    18.0    18.5    1.5   -    -     0.51
100   0   0   0 0.916      20    0.65    0.64    0.09    17.4    18.5    2.5   -    -     0.52
100   0   0   0 0.905      20    0.65    0.64    0.09    17.2    17.5    2.5   -    -     0.53
100   0   0   0 0.868      20    0.65    0.64    0.09    16.5    17.5    2.5   -    -     0.54
100   0   0   0 0.858      20    0.65    0.64    0.09    16.3    17.5    2.5   -    -     0.55
100   0   0   0 0.826      20    0.66    0.65    0.09    15.7    17.5    2.5   -    -     0.56
100   0   0   0 0.774      20    0.66    0.66    0.08    14.7    16.5    2.5   -    -     0.57
100   0   0   0 0.763      20    0.67    0.66    0.08    14.5    16.5    2.5   -    -     0.58
100   0   0   0 0.700      20    0.67    0.67    0.08    13.3    14.5    5.5   -    -     0.59
100   0   0   0 0.679      20    0.68    0.67    0.08    12.9    14.5    5.5   -    -     0.60
100   0   0   0 0.589      20    0.69    0.68    0.07    11.2    12.5    5.5   -    -     0.61
100   0   0   0 0.537      20    0.69    0.69    0.06    10.2    10.5    5.5   -    -     0.62
100   0   0   0 0.495      20    0.70    0.69    0.05     9.4     9.5    4.5   -    -     0.63
100   0   0   0 0.447      20    0.71    0.69    0.04     8.5     8.5    4.5   -    -     0.64
100   0   0   0 0.416      20    0.71    0.69    0.04     7.9     8.5    4.5   -    -     0.65
 95   5   0   5 0.374      18    0.72    0.70    0.05     7.1     7.5    5.5   -    -     0.66
 85  15   0   5 0.353      15    0.72    0.70    0.04     6.7     7.5    4.5   -    -     0.67
 85  15   0   5 0.295      15    0.73    0.71    0.04     5.6     6.5    4.5   -    -     0.68
 75  25   0   5 0.232      12    0.74    0.72    0.05     4.4     4.5    5.5   -    -     0.69
 75  25   0   5 0.179      12    0.75    0.73    0.06     3.4     3.5    4.5   -    -     0.70
 55  45   0   5 0.142       7    0.77    0.73    0.07     2.7     1.5    3.5   -    -     0.71
 55  45   0   5 0.100       7    0.79    0.75    0.08     1.9     1.5    2.5   -    -     0.72
 35  45  20   5 0.089       4    0.80    0.77    0.08     1.7     1.5    1.5   -    -     0.73
 20  60  20  20 0.068       3    0.82    0.78    0.06     1.3     1.5    1.5   -    -     0.74
 20  80   0  30 0.058       2    0.83    0.80    0.05     1.1     1.5    1.5   -    -     0.75
 20  80   0  50 0.047       2    0.85    0.82    0.06     0.9     0.5    1.5   -    -     0.76
 20  80   0  60 0.042       2    0.85    0.82    0.04     0.8     0.5    1.5   -    -     0.77
 20  80   0  60 0.042       2    0.85    0.82    0.04     0.8     0.5    1.5   -    -     0.78
 20  80   0  60 0.032       2    0.88    0.83    0.18     0.6     0.5    1.5   -    -     0.79
 20  80   0  60 0.032       2    0.88    0.83    0.18     0.6     0.5    1.5   -    -     0.80
  0 100   0  65 0.026       2    0.89    0.84    0.18     0.5     0.5    1.5   -    -     0.81
  0 100   0  70 0.016       1    0.95    1.00    0.08     0.3     0.5    1.5   -    -     0.82
  0 100   0  70 0.016       1    0.95    1.00    0.08     0.3     0.5    1.5   -    -     0.83
  0 100   0  70 0.016       1    0.95    1.00    0.08     0.3     0.5    1.5   -    -     0.84
  0 100   0  80 0.011       1    1.00    1.00    0.00     0.2     0.5    0.5   -    -     0.85
  0 100   0  80 0.011       1    1.00    1.00    0.00     0.2     0.5    0.5   -    -     0.86
  0 100   0  80 0.011       1    1.00    1.00    0.00     0.2     0.5    0.5   -    -     0.87
  0 100   0  80 0.011       1    1.00    1.00    0.00     0.2     0.5    0.5   -    -     0.88
  0 100   0  80 0.011       1    1.00    1.00    0.00     0.2     0.5    0.5   -    -     0.89
  0 100   0  80 0.011       1    1.00    1.00    0.00     0.2     0.5    0.5   -    -     0.90
  0 100   0  80 0.011       1    1.00    1.00    0.00     0.2     0.5    0.5   -    -     0.91
  0 100   0  80 0.011       1    1.00    1.00    0.00     0.2     0.5    0.5   -    -     0.92
  0 100   0  80 0.011       1    1.00    1.00    0.00     0.2     0.5    0.5   -    -     0.93
  0 100   0  80 0.011       1    1.00    1.00    0.00     0.2     0.5    0.5   -    -     0.94
  0 100   0  80 0.011       1    1.00    1.00    0.00     0.2     0.5    0.5   -    -     0.95
  0 100   0  80 0.011       1    1.00    1.00    0.00     0.2     0.5    0.5   -    -     0.96
  0 100   0  80 0.011       1    1.00    1.00    0.00     0.2     0.5    0.5   -    -     0.97
  0 100   0  80 0.011       1    1.00    1.00    0.00     0.2     0.5    0.5   -    -     0.98
  0 100   0  80 0.011       1    1.00    1.00    0.00     0.2     0.5    0.5   -    -     0.99
---------------------------------------------------------------------------------------------
