1.0000	0.4550	0.4629	0.4641	0.4737	0.4662	0.4819	0.4737	0.4240	0.4941	0.3927	0.4791	0.4294	0.4287	0.4935	0.4041	0.4639	0.4506	0.4347	0.4550
0.4550	1.0000	0.4453	0.4996	0.4754	0.4243	0.4920	0.4754	0.4282	0.4476	0.4101	0.4845	0.4134	0.4320	0.4910	0.4662	0.4234	0.4569	0.4928	1.0000
0.4629	0.4453	1.0000	0.4461	0.5314	0.4920	0.4693	0.5314	0.4595	0.4632	0.4469	0.5079	0.4406	0.4553	0.4576	0.4372	0.5044	0.4710	0.4258	0.4453
0.4641	0.4996	0.4461	1.0000	0.4798	0.4562	0.4933	0.4798	0.4163	0.5356	0.4658	0.5171	0.4281	0.4343	0.5374	0.4075	0.4469	0.4893	0.4180	0.4996
0.4737	0.4754	0.5314	0.4798	1.0000	0.4960	0.5006	1.0000	0.4519	0.4986	0.4419	0.5287	0.4825	0.4518	0.4929	0.4242	0.4952	0.4766	0.4482	0.4754
0.4662	0.4243	0.4920	0.4562	0.4960	1.0000	0.4975	0.4960	0.4869	0.4274	0.4364	0.4432	0.5079	0.4250	0.4678	0.4485	0.4500	0.4436	0.4459	0.4243
0.4819	0.4920	0.4693	0.4933	0.5006	0.4975	1.0000	0.5006	0.4641	0.5034	0.3974	0.4898	0.4338	0.4465	0.5174	0.4389	0.4518	0.4666	0.4606	0.4920
0.4737	0.4754	0.5314	0.4798	1.0000	0.4960	0.5006	1.0000	0.4519	0.4986	0.4419	0.5287	0.4825	0.4518	0.4929	0.4242	0.4952	0.4766	0.4482	0.4754
0.4240	0.4282	0.4595	0.4163	0.4519	0.4869	0.4641	0.4519	1.0000	0.4421	0.4005	0.3865	0.4531	0.4119	0.4307	0.4234	0.4579	0.4281	0.4408	0.4282
0.4941	0.4476	0.4632	0.5356	0.4986	0.4274	0.5034	0.4986	0.4421	1.0000	0.4285	0.5126	0.4218	0.4851	0.5234	0.3940	0.4731	0.5164	0.4162	0.4476
0.3927	0.4101	0.4469	0.4658	0.4419	0.4364	0.3974	0.4419	0.4005	0.4285	1.0000	0.4128	0.4304	0.4083	0.4448	0.3992	0.4299	0.4139	0.3956	0.4101
0.4791	0.4845	0.5079	0.5171	0.5287	0.4432	0.4898	0.5287	0.3865	0.5126	0.4128	1.0000	0.4249	0.4516	0.4912	0.3811	0.4656	0.4728	0.3985	0.4845
0.4294	0.4134	0.4406	0.4281	0.4825	0.5079	0.4338	0.4825	0.4531	0.4218	0.4304	0.4249	1.0000	0.4231	0.4569	0.4183	0.4253	0.4273	0.4140	0.4134
0.4287	0.4320	0.4553	0.4343	0.4518	0.4250	0.4465	0.4518	0.4119	0.4851	0.4083	0.4516	0.4231	1.0000	0.4324	0.3604	0.4478	0.4676	0.3818	0.4320
0.4935	0.4910	0.4576	0.5374	0.4929	0.4678	0.5174	0.4929	0.4307	0.5234	0.4448	0.4912	0.4569	0.4324	1.0000	0.4154	0.4522	0.4836	0.4616	0.4910
0.4041	0.4662	0.4372	0.4075	0.4242	0.4485	0.4389	0.4242	0.4234	0.3940	0.3992	0.3811	0.4183	0.3604	0.4154	1.0000	0.4204	0.3874	0.5319	0.4662
0.4639	0.4234	0.5044	0.4469	0.4952	0.4500	0.4518	0.4952	0.4579	0.4731	0.4299	0.4656	0.4253	0.4478	0.4522	0.4204	1.0000	0.4782	0.4197	0.4234
0.4506	0.4569	0.4710	0.4893	0.4766	0.4436	0.4666	0.4766	0.4281	0.5164	0.4139	0.4728	0.4273	0.4676	0.4836	0.3874	0.4782	1.0000	0.3893	0.4569
0.4347	0.4928	0.4258	0.4180	0.4482	0.4459	0.4606	0.4482	0.4408	0.4162	0.3956	0.3985	0.4140	0.3818	0.4616	0.5319	0.4197	0.3893	1.0000	0.4928
0.4550	1.0000	0.4453	0.4996	0.4754	0.4243	0.4920	0.4754	0.4282	0.4476	0.4101	0.4845	0.4134	0.4320	0.4910	0.4662	0.4234	0.4569	0.4928	1.0000
