1.0000	0.7192	0.6509	0.6816	0.7135	0.7961	0.7392	0.7092	0.7587	0.7630	0.7549	0.6973	0.7270	0.6854	0.7901	0.6797	0.6673	0.6673	0.7047	0.6777
0.7192	1.0000	0.6479	0.6704	0.7090	0.7839	0.6919	0.7227	0.7780	0.7365	0.7923	0.7100	0.7186	0.6367	0.7740	0.6865	0.6766	0.6766	0.8197	0.7488
0.6509	0.6479	1.0000	0.6363	0.7581	0.6320	0.6179	0.6777	0.7103	0.6139	0.6345	0.7014	0.7639	0.6434	0.7307	0.7356	0.5881	0.5881	0.6764	0.6145
0.6816	0.6704	0.6363	1.0000	0.6735	0.6290	0.6323	0.7131	0.7101	0.6477	0.6262	0.7133	0.6792	0.6385	0.6997	0.7316	0.6145	0.6145	0.6982	0.6788
0.7135	0.7090	0.7581	0.6735	1.0000	0.6887	0.6541	0.7584	0.7977	0.6741	0.6938	0.7558	0.8167	0.6676	0.8022	0.7685	0.6301	0.6301	0.7251	0.6559
0.7961	0.7839	0.6320	0.6290	0.6887	1.0000	0.7832	0.6839	0.7235	0.7906	0.8089	0.6779	0.7038	0.6999	0.7505	0.6579	0.6761	0.6761	0.7447	0.6691
0.7392	0.6919	0.6179	0.6323	0.6541	0.7832	1.0000	0.6504	0.6797	0.7831	0.7355	0.6715	0.6681	0.7307	0.7010	0.6669	0.7324	0.7324	0.7278	0.6528
0.7092	0.7227	0.6777	0.7131	0.7584	0.6839	0.6504	1.0000	0.8458	0.7126	0.6689	0.7650	0.7322	0.6377	0.7944	0.7198	0.6363	0.6363	0.7246	0.6900
0.7587	0.7780	0.7103	0.7101	0.7977	0.7235	0.6797	0.8458	1.0000	0.7503	0.7113	0.7929	0.7870	0.6565	0.8788	0.7585	0.6559	0.6559	0.7637	0.7295
0.7630	0.7365	0.6139	0.6477	0.6741	0.7906	0.7831	0.7126	0.7503	1.0000	0.7222	0.6749	0.6675	0.7210	0.7227	0.6565	0.7015	0.7015	0.7006	0.6943
0.7549	0.7923	0.6345	0.6262	0.6938	0.8089	0.7355	0.6689	0.7113	0.7222	1.0000	0.6751	0.7028	0.6607	0.7404	0.6566	0.7097	0.7097	0.7645	0.6831
0.6973	0.7100	0.7014	0.7133	0.7558	0.6779	0.6715	0.7650	0.7929	0.6749	0.6751	1.0000	0.7616	0.6569	0.7832	0.7634	0.7064	0.7064	0.7628	0.6729
0.7270	0.7186	0.7639	0.6792	0.8167	0.7038	0.6681	0.7322	0.7870	0.6675	0.7028	0.7616	1.0000	0.6738	0.8315	0.7808	0.6364	0.6364	0.7349	0.6707
0.6854	0.6367	0.6434	0.6385	0.6676	0.6999	0.7307	0.6377	0.6565	0.7210	0.6607	0.6569	0.6738	1.0000	0.6622	0.7533	0.6440	0.6440	0.6706	0.6213
0.7901	0.7740	0.7307	0.6997	0.8022	0.7505	0.7010	0.7944	0.8788	0.7227	0.7404	0.7832	0.8315	0.6622	1.0000	0.7640	0.6592	0.6592	0.7653	0.7255
0.6797	0.6865	0.7356	0.7316	0.7685	0.6579	0.6669	0.7198	0.7585	0.6565	0.6566	0.7634	0.7808	0.7533	0.7640	1.0000	0.6286	0.6286	0.7338	0.6777
0.6673	0.6766	0.5881	0.6145	0.6301	0.6761	0.7324	0.6363	0.6559	0.7015	0.7097	0.7064	0.6364	0.6440	0.6592	0.6286	1.0000	1.0000	0.7055	0.6591
0.6673	0.6766	0.5881	0.6145	0.6301	0.6761	0.7324	0.6363	0.6559	0.7015	0.7097	0.7064	0.6364	0.6440	0.6592	0.6286	1.0000	1.0000	0.7055	0.6591
0.7047	0.8197	0.6764	0.6982	0.7251	0.7447	0.7278	0.7246	0.7637	0.7006	0.7645	0.7628	0.7349	0.6706	0.7653	0.7338	0.7055	0.7055	1.0000	0.7130
0.6777	0.7488	0.6145	0.6788	0.6559	0.6691	0.6528	0.6900	0.7295	0.6943	0.6831	0.6729	0.6707	0.6213	0.7255	0.6777	0.6591	0.6591	0.7130	1.0000
