-------------------------------------------------------------------------------
 L       Percentage of nodes in the largest component
 D       Percentage of nodes in components of size at most 3 [-div option]
 R       Percentage of nodes not in L or D: 100 - L -D
 S       Percentage of nodes that are singletons
 E       Fraction of edges retained (input graph has 380)
 cce     Expected size of component, nodewise [ sum(sz^2) / sum^2(sz) ]
 EW      Edge weight traits (mean, median and IQR)
 ND      Node degree traits [mean, median and IQR]
 CCF     Clustering coefficient (scale 1-100)
 eff     Induced component efficiency relative to start graph (scale 1-1000)
Total number of nodes: 20
----------------------------------------------------------------------------------------------
  L   D   R   S     E     cce  EWmean   EWmed   EWiqr  NDmean   NDmed  NDiqr CCF  eff  Cutoff 
----------------------------------------------------------------------------------------------
100   0   0   0 1.000      20    0.70    0.70    0.07    19.0    19.5    0.5   -    -     0.50
100   0   0   0 1.000      20    0.70    0.70    0.07    19.0    19.5    0.5   -    -     0.51
100   0   0   0 1.000      20    0.70    0.70    0.07    19.0    19.5    0.5   -    -     0.52
100   0   0   0 1.000      20    0.70    0.70    0.07    19.0    19.5    0.5   -    -     0.53
100   0   0   0 1.000      20    0.70    0.70    0.07    19.0    19.5    0.5   -    -     0.54
100   0   0   0 1.000      20    0.70    0.70    0.07    19.0    19.5    0.5   -    -     0.55
100   0   0   0 1.000      20    0.70    0.70    0.07    19.0    19.5    0.5   -    -     0.56
100   0   0   0 1.000      20    0.70    0.70    0.07    19.0    19.5    0.5   -    -     0.57
100   0   0   0 1.000      20    0.70    0.70    0.07    19.0    19.5    0.5   -    -     0.58
100   0   0   0 0.989      20    0.71    0.70    0.07    18.8    19.5    0.5   -    -     0.59
100   0   0   0 0.989      20    0.71    0.70    0.07    18.8    19.5    0.5   -    -     0.60
100   0   0   0 0.989      20    0.71    0.70    0.07    18.8    19.5    0.5   -    -     0.61
100   0   0   0 0.963      20    0.71    0.70    0.07    18.3    19.5    1.5   -    -     0.62
100   0   0   0 0.937      20    0.71    0.71    0.07    17.8    18.5    2.5   -    -     0.63
100   0   0   0 0.868      20    0.72    0.71    0.07    16.5    17.5    2.5   -    -     0.64
100   0   0   0 0.842      20    0.72    0.71    0.08    16.0    17.5    1.5   -    -     0.65
100   0   0   0 0.758      20    0.73    0.72    0.07    14.4    15.5    4.5   -    -     0.66
100   0   0   0 0.705      20    0.73    0.72    0.06    13.4    14.5    4.5   -    -     0.67
100   0   0   0 0.584      20    0.74    0.73    0.05    11.1    12.5    6.5   -    -     0.68
100   0   0   0 0.547      20    0.75    0.73    0.05    10.4    11.5    7.5   -    -     0.69
100   0   0   0 0.511      20    0.75    0.74    0.05     9.7    10.5    6.5   -    -     0.70
100   0   0   0 0.421      20    0.76    0.75    0.05     8.0     8.5    5.5   -    -     0.71
100   0   0   0 0.363      20    0.77    0.76    0.05     6.9     7.5    4.5   -    -     0.72
100   0   0   0 0.305      20    0.77    0.76    0.04     5.8     6.5    3.5   -    -     0.73
 85  15   0   5 0.242      15    0.78    0.77    0.03     4.6     5.5    4.5   -    -     0.74
 80  20   0  10 0.226      13    0.79    0.78    0.03     4.3     4.5    4.5   -    -     0.75
 75  25   0  15 0.179      12    0.79    0.78    0.03     3.4     3.5    4.5   -    -     0.76
 70  30   0  20 0.121      10    0.81    0.79    0.03     2.3     2.5    2.5   -    -     0.77
 70  30   0  20 0.111      10    0.81    0.79    0.03     2.1     2.5    2.5   -    -     0.78
 60  40   0  30 0.079       8    0.82    0.80    0.03     1.5     1.5    2.5   -    -     0.79
 25  75   0  45 0.042       2    0.85    0.83    0.03     0.8     1.5    1.5   -    -     0.80
 25  75   0  55 0.032       2    0.87    0.84    0.06     0.6     0.5    1.5   -    -     0.81
 20  80   0  70 0.021       2    0.89    0.86    0.03     0.4     0.5    1.5   -    -     0.82
 20  80   0  70 0.021       2    0.89    0.86    0.03     0.4     0.5    1.5   -    -     0.83
  0 100   0  75 0.016       1    0.91    0.88    0.08     0.3     0.5    0.5   -    -     0.84
  0 100   0  80 0.011       1    0.94    0.94    0.12     0.2     0.5    0.5   -    -     0.85
  0 100   0  80 0.011       1    0.94    0.94    0.12     0.2     0.5    0.5   -    -     0.86
  0 100   0  80 0.011       1    0.94    0.94    0.12     0.2     0.5    0.5   -    -     0.87
  0 100   0  90 0.005       1    1.00    1.00    0.00     0.1     0.5    0.5   -    -     0.88
  0 100   0  90 0.005       1    1.00    1.00    0.00     0.1     0.5    0.5   -    -     0.89
  0 100   0  90 0.005       1    1.00    1.00    0.00     0.1     0.5    0.5   -    -     0.90
  0 100   0  90 0.005       1    1.00    1.00    0.00     0.1     0.5    0.5   -    -     0.91
  0 100   0  90 0.005       1    1.00    1.00    0.00     0.1     0.5    0.5   -    -     0.92
  0 100   0  90 0.005       1    1.00    1.00    0.00     0.1     0.5    0.5   -    -     0.93
  0 100   0  90 0.005       1    1.00    1.00    0.00     0.1     0.5    0.5   -    -     0.94
  0 100   0  90 0.005       1    1.00    1.00    0.00     0.1     0.5    0.5   -    -     0.95
  0 100   0  90 0.005       1    1.00    1.00    0.00     0.1     0.5    0.5   -    -     0.96
  0 100   0  90 0.005       1    1.00    1.00    0.00     0.1     0.5    0.5   -    -     0.97
  0 100   0  90 0.005       1    1.00    1.00    0.00     0.1     0.5    0.5   -    -     0.98
  0 100   0  90 0.005       1    1.00    1.00    0.00     0.1     0.5    0.5   -    -     0.99
---------------------------------------------------------------------------------------------
