1.0000 0.4867 0.4506 0.5090 0.5090 0.4825 0.4751 0.4947 0.4553 0.5016 0.4467 0.4265 0.4351 0.4721 0.4447 0.4707 0.4754 0.4367 0.4905 0.4867
0.4867 1.0000 0.4687 0.5340 0.5340 0.4131 0.4990 0.4702 0.4343 0.5059 0.3917 0.4812 0.4938 0.5564 0.3768 0.5241 0.4811 0.4406 0.4628 1.0000
0.4506 0.4687 1.0000 0.4974 0.4974 0.3662 0.5112 0.4472 0.3710 0.3834 0.3568 0.4178 0.4525 0.5086 0.3428 0.4661 0.5009 0.4866 0.3652 0.4687
0.5090 0.5340 0.4974 1.0000 1.0000 0.4997 0.5428 0.5454 0.5246 0.5139 0.4534 0.4971 0.4941 0.5267 0.4836 0.5080 0.5797 0.5432 0.4853 0.5340
0.5090 0.5340 0.4974 1.0000 1.0000 0.4997 0.5428 0.5454 0.5246 0.5139 0.4534 0.4971 0.4941 0.5267 0.4836 0.5080 0.5797 0.5432 0.4853 0.5340
0.4825 0.4131 0.3662 0.4997 0.4997 1.0000 0.4452 0.5214 0.5458 0.5001 0.5407 0.3874 0.4089 0.3997 0.5415 0.4247 0.4623 0.4523 0.4937 0.4131
0.4751 0.4990 0.5112 0.5428 0.5428 0.4452 1.0000 0.4923 0.4378 0.4641 0.4044 0.4678 0.4827 0.5229 0.4133 0.5270 0.4971 0.4913 0.4358 0.4990
0.4947 0.4702 0.4472 0.5454 0.5454 0.5214 0.4923 1.0000 0.5304 0.4576 0.4876 0.4302 0.4622 0.4421 0.4403 0.4683 0.5361 0.5668 0.4479 0.4702
0.4553 0.4343 0.3710 0.5246 0.5246 0.5458 0.4378 0.5304 1.0000 0.4972 0.5532 0.3776 0.4324 0.3998 0.5092 0.4298 0.4788 0.4472 0.5008 0.4343
0.5016 0.5059 0.3834 0.5139 0.5139 0.5001 0.4641 0.4576 0.4972 1.0000 0.4745 0.4553 0.4771 0.4638 0.4502 0.4766 0.4563 0.3906 0.5585 0.5059
0.4467 0.3917 0.3568 0.4534 0.4534 0.5407 0.4044 0.4876 0.5532 0.4745 1.0000 0.3666 0.3938 0.3820 0.5389 0.4043 0.4361 0.3945 0.4813 0.3917
0.4265 0.4812 0.4178 0.4971 0.4971 0.3874 0.4678 0.4302 0.3776 0.4553 0.3666 1.0000 0.4682 0.4695 0.3409 0.4486 0.4823 0.4244 0.4453 0.4812
0.4351 0.4938 0.4525 0.4941 0.4941 0.4089 0.4827 0.4622 0.4324 0.4771 0.3938 0.4682 1.0000 0.5361 0.3668 0.5170 0.5068 0.4195 0.4510 0.4938
0.4721 0.5564 0.5086 0.5267 0.5267 0.3997 0.5229 0.4421 0.3998 0.4638 0.3820 0.4695 0.5361 1.0000 0.3641 0.5273 0.4739 0.4438 0.4272 0.5564
0.4447 0.3768 0.3428 0.4836 0.4836 0.5415 0.4133 0.4403 0.5092 0.4502 0.5389 0.3409 0.3668 0.3641 1.0000 0.3811 0.4196 0.3971 0.4721 0.3768
0.4707 0.5241 0.4661 0.5080 0.5080 0.4247 0.5270 0.4683 0.4298 0.4766 0.4043 0.4486 0.5170 0.5273 0.3811 1.0000 0.5163 0.4425 0.4218 0.5241
0.4754 0.4811 0.5009 0.5797 0.5797 0.4623 0.4971 0.5361 0.4788 0.4563 0.4361 0.4823 0.5068 0.4739 0.4196 0.5163 1.0000 0.4997 0.4641 0.4811
0.4367 0.4406 0.4866 0.5432 0.5432 0.4523 0.4913 0.5668 0.4472 0.3906 0.3945 0.4244 0.4195 0.4438 0.3971 0.4425 0.4997 1.0000 0.3845 0.4406
0.4905 0.4628 0.3652 0.4853 0.4853 0.4937 0.4358 0.4479 0.5008 0.5585 0.4813 0.4453 0.4510 0.4272 0.4721 0.4218 0.4641 0.3845 1.0000 0.4628
0.4867 1.0000 0.4687 0.5340 0.5340 0.4131 0.4990 0.4702 0.4343 0.5059 0.3917 0.4812 0.4938 0.5564 0.3768 0.5241 0.4811 0.4406 0.4628 1.0000
