1.0000 0.7497 0.7447 0.6911 0.6753 0.7016 0.8174 0.7325 0.7889 0.7900 0.7900 0.8195 0.7167 0.8206 0.8011 0.8124 0.7103 0.7103 0.7074 0.7446
0.7497 1.0000 0.6828 0.6935 0.6857 0.6862 0.7668 0.6935 0.7032 0.7178 0.7178 0.7131 0.6993 0.7180 0.7465 0.7219 0.7136 0.7136 0.7048 0.7828
0.7447 0.6828 1.0000 0.7241 0.6516 0.6918 0.7571 0.7110 0.7636 0.8017 0.8017 0.7289 0.7061 0.7399 0.7676 0.7662 0.7191 0.7191 0.7710 0.6984
0.6911 0.6935 0.7241 1.0000 0.7185 0.7801 0.7142 0.6686 0.7653 0.7180 0.7180 0.7106 0.7347 0.7045 0.7015 0.7387 0.7344 0.7344 0.7142 0.6878
0.6753 0.6857 0.6516 0.7185 1.0000 0.6815 0.6739 0.6394 0.6661 0.6830 0.6830 0.6736 0.7032 0.6894 0.6646 0.6740 0.6820 0.6820 0.6586 0.6734
0.7016 0.6862 0.6918 0.7801 0.6815 1.0000 0.7299 0.6829 0.7553 0.7220 0.7220 0.7262 0.8000 0.7182 0.7158 0.7554 0.7266 0.7266 0.7091 0.6815
0.8174 0.7668 0.7571 0.7142 0.6739 0.7299 1.0000 0.7747 0.8202 0.7987 0.7987 0.8164 0.7307 0.8253 0.9205 0.8458 0.7290 0.7290 0.7380 0.7492
0.7325 0.6935 0.7110 0.6686 0.6394 0.6829 0.7747 1.0000 0.7378 0.7340 0.7340 0.7427 0.6788 0.7377 0.7582 0.7418 0.6715 0.6715 0.6528 0.6770
0.7889 0.7032 0.7636 0.7653 0.6661 0.7553 0.8202 0.7378 1.0000 0.7981 0.7981 0.8481 0.7162 0.8281 0.8087 0.8816 0.7325 0.7325 0.7107 0.7171
0.7900 0.7178 0.8017 0.7180 0.6830 0.7220 0.7987 0.7340 0.7981 1.0000 1.0000 0.7854 0.7306 0.7930 0.8063 0.8173 0.7627 0.7627 0.7359 0.7278
0.7900 0.7178 0.8017 0.7180 0.6830 0.7220 0.7987 0.7340 0.7981 1.0000 1.0000 0.7854 0.7306 0.7930 0.8063 0.8173 0.7627 0.7627 0.7359 0.7278
0.8195 0.7131 0.7289 0.7106 0.6736 0.7262 0.8164 0.7427 0.8481 0.7854 0.7854 1.0000 0.7460 0.8641 0.7973 0.8463 0.7104 0.7104 0.6923 0.7329
0.7167 0.6993 0.7061 0.7347 0.7032 0.8000 0.7307 0.6788 0.7162 0.7306 0.7306 0.7460 1.0000 0.7385 0.7316 0.7444 0.7220 0.7220 0.7104 0.7104
0.8206 0.7180 0.7399 0.7045 0.6894 0.7182 0.8253 0.7377 0.8281 0.7930 0.7930 0.8641 0.7385 1.0000 0.8094 0.8490 0.7165 0.7165 0.7007 0.7348
0.8011 0.7465 0.7676 0.7015 0.6646 0.7158 0.9205 0.7582 0.8087 0.8063 0.8063 0.7973 0.7316 0.8094 1.0000 0.8402 0.7339 0.7339 0.7453 0.7486
0.8124 0.7219 0.7662 0.7387 0.6740 0.7554 0.8458 0.7418 0.8816 0.8173 0.8173 0.8463 0.7444 0.8490 0.8402 1.0000 0.7566 0.7566 0.7299 0.7402
0.7103 0.7136 0.7191 0.7344 0.6820 0.7266 0.7290 0.6715 0.7325 0.7627 0.7627 0.7104 0.7220 0.7165 0.7339 0.7566 1.0000 1.0000 0.7297 0.7147
0.7103 0.7136 0.7191 0.7344 0.6820 0.7266 0.7290 0.6715 0.7325 0.7627 0.7627 0.7104 0.7220 0.7165 0.7339 0.7566 1.0000 1.0000 0.7297 0.7147
0.7074 0.7048 0.7710 0.7142 0.6586 0.7091 0.7380 0.6528 0.7107 0.7359 0.7359 0.6923 0.7104 0.7007 0.7453 0.7299 0.7297 0.7297 1.0000 0.7199
0.7446 0.7828 0.6984 0.6878 0.6734 0.6815 0.7492 0.6770 0.7171 0.7278 0.7278 0.7329 0.7104 0.7348 0.7486 0.7402 0.7147 0.7147 0.7199 1.0000
