1.0000	0.9991	0.9992	0.9991	0.9991	0.9991	0.9992	0.9992	0.9992	0.9992	0.9992	0.9992	0.9992	0.9992	0.9992	0.9992	0.9998	0.9992	0.9998	0.9992
0.9991	1.0000	0.9995	1.0000	1.0000	1.0000	0.9995	0.9995	0.9995	0.9995	0.9995	0.9995	0.9995	0.9995	0.9995	0.9995	0.9991	0.9995	0.9991	0.9995
0.9992	0.9995	1.0000	0.9995	0.9995	0.9995	1.0000	1.0000	1.0000	1.0000	1.0000	0.9999	1.0000	1.0000	1.0000	0.9999	0.9992	1.0000	0.9993	1.0000
0.9991	1.0000	0.9995	1.0000	1.0000	1.0000	0.9995	0.9995	0.9995	0.9995	0.9995	0.9995	0.9995	0.9995	0.9995	0.9995	0.9991	0.9995	0.9991	0.9995
0.9991	1.0000	0.9995	1.0000	1.0000	1.0000	0.9995	0.9995	0.9995	0.9995	0.9995	0.9995	0.9995	0.9995	0.9995	0.9995	0.9991	0.9995	0.9991	0.9995
0.9991	1.0000	0.9995	1.0000	1.0000	1.0000	0.9995	0.9995	0.9995	0.9995	0.9995	0.9995	0.9995	0.9995	0.9995	0.9995	0.9991	0.9995	0.9991	0.9995
0.9992	0.9995	1.0000	0.9995	0.9995	0.9995	1.0000	1.0000	1.0000	1.0000	1.0000	0.9999	1.0000	1.0000	1.0000	0.9999	0.9993	1.0000	0.9993	1.0000
0.9992	0.9995	1.0000	0.9995	0.9995	0.9995	1.0000	1.0000	1.0000	1.0000	1.0000	0.9999	1.0000	1.0000	1.0000	0.9999	0.9993	1.0000	0.9993	1.0000
0.9992	0.9995	1.0000	0.9995	0.9995	0.9995	1.0000	1.0000	1.0000	1.0000	1.0000	0.9999	1.0000	1.0000	1.0000	0.9999	0.9992	1.0000	0.9993	1.0000
0.9992	0.9995	1.0000	0.9995	0.9995	0.9995	1.0000	1.0000	1.0000	1.0000	1.0000	0.9999	1.0000	1.0000	1.0000	0.9999	0.9992	1.0000	0.9993	1.0000
0.9992	0.9995	1.0000	0.9995	0.9995	0.9995	1.0000	1.0000	1.0000	1.0000	1.0000	0.9999	1.0000	1.0000	1.0000	0.9999	0.9993	1.0000	0.9993	1.0000
0.9992	0.9995	0.9999	0.9995	0.9995	0.9995	0.9999	0.9999	0.9999	0.9999	0.9999	1.0000	0.9999	1.0000	0.9999	0.9999	0.9993	1.0000	0.9993	0.9999
0.9992	0.9995	1.0000	0.9995	0.9995	0.9995	1.0000	1.0000	1.0000	1.0000	1.0000	0.9999	1.0000	1.0000	1.0000	0.9999	0.9993	1.0000	0.9993	1.0000
0.9992	0.9995	1.0000	0.9995	0.9995	0.9995	1.0000	1.0000	1.0000	1.0000	1.0000	1.0000	1.0000	1.0000	1.0000	0.9999	0.9993	1.0000	0.9993	1.0000
0.9992	0.9995	1.0000	0.9995	0.9995	0.9995	1.0000	1.0000	1.0000	1.0000	1.0000	0.9999	1.0000	1.0000	1.0000	0.9999	0.9992	1.0000	0.9993	1.0000
0.9992	0.9995	0.9999	0.9995	0.9995	0.9995	0.9999	0.9999	0.9999	0.9999	0.9999	0.9999	0.9999	0.9999	0.9999	1.0000	0.9993	0.9999	0.9993	0.9999
0.9998	0.9991	0.9992	0.9991	0.9991	0.9991	0.9993	0.9993	0.9992	0.9992	0.9993	0.9993	0.9993	0.9993	0.9992	0.9993	1.0000	0.9993	0.9999	0.9992
0.9992	0.9995	1.0000	0.9995	0.9995	0.9995	1.0000	1.0000	1.0000	1.0000	1.0000	1.0000	1.0000	1.0000	1.0000	0.9999	0.9993	1.0000	0.9993	1.0000
0.9998	0.9991	0.9993	0.9991	0.9991	0.9991	0.9993	0.9993	0.9993	0.9993	0.9993	0.9993	0.9993	0.9993	0.9993	0.9993	0.9999	0.9993	1.0000	0.9993
0.9992	0.9995	1.0000	0.9995	0.9995	0.9995	1.0000	1.0000	1.0000	1.0000	1.0000	0.9999	1.0000	1.0000	1.0000	0.9999	0.9992	1.0000	0.9993	1.0000
