1.0000 0.3938 0.4049 0.4049 0.4049 0.3860 0.4341 0.4696 0.4490 0.4123 0.4123 0.4282 0.4292 0.4182 0.4237 0.4116 0.4194 0.3981 0.4054 0.4049
0.3938 1.0000 0.4033 0.4033 0.4033 0.3860 0.3734 0.4047 0.3874 0.3949 0.3877 0.3773 0.3789 0.3907 0.3847 0.4252 0.3950 0.4014 0.3671 0.4033
0.4049 0.4033 1.0000 1.0000 1.0000 0.3953 0.4102 0.4152 0.4378 0.4418 0.4871 0.4627 0.4155 0.4278 0.3856 0.3775 0.4062 0.4275 0.4046 1.0000
0.4049 0.4033 1.0000 1.0000 1.0000 0.3953 0.4102 0.4152 0.4378 0.4418 0.4871 0.4627 0.4155 0.4278 0.3856 0.3775 0.4062 0.4275 0.4046 1.0000
0.4049 0.4033 1.0000 1.0000 1.0000 0.3953 0.4102 0.4152 0.4378 0.4418 0.4871 0.4627 0.4155 0.4278 0.3856 0.3775 0.4062 0.4275 0.4046 1.0000
0.3860 0.3860 0.3953 0.3953 0.3953 1.0000 0.4032 0.3919 0.4251 0.4408 0.4103 0.4167 0.4182 0.3765 0.4061 0.3623 0.4060 0.4113 0.3726 0.3953
0.4341 0.3734 0.4102 0.4102 0.4102 0.4032 1.0000 0.4282 0.4162 0.4209 0.4217 0.4044 0.4595 0.4371 0.3981 0.3732 0.4093 0.4038 0.4039 0.4102
0.4696 0.4047 0.4152 0.4152 0.4152 0.3919 0.4282 1.0000 0.4215 0.4353 0.4077 0.4155 0.4028 0.4128 0.4833 0.3784 0.4241 0.4157 0.4026 0.4152
0.4490 0.3874 0.4378 0.4378 0.4378 0.4251 0.4162 0.4215 1.0000 0.4319 0.4312 0.4194 0.4449 0.4205 0.3982 0.3804 0.4210 0.4085 0.4037 0.4378
0.4123 0.3949 0.4418 0.4418 0.4418 0.4408 0.4209 0.4353 0.4319 1.0000 0.4018 0.4259 0.4650 0.4056 0.4254 0.4006 0.4446 0.4390 0.4205 0.4418
0.4123 0.3877 0.4871 0.4871 0.4871 0.4103 0.4217 0.4077 0.4312 0.4018 1.0000 0.4878 0.4120 0.4138 0.3918 0.3807 0.4053 0.4248 0.3745 0.4871
0.4282 0.3773 0.4627 0.4627 0.4627 0.4167 0.4044 0.4155 0.4194 0.4259 0.4878 1.0000 0.4482 0.4372 0.3929 0.3608 0.4166 0.3867 0.3663 0.4627
0.4292 0.3789 0.4155 0.4155 0.4155 0.4182 0.4595 0.4028 0.4449 0.4650 0.4120 0.4482 1.0000 0.3992 0.4020 0.3793 0.4527 0.4029 0.3877 0.4155
0.4182 0.3907 0.4278 0.4278 0.4278 0.3765 0.4371 0.4128 0.4205 0.4056 0.4138 0.4372 0.3992 1.0000 0.4002 0.3280 0.3967 0.3784 0.3744 0.4278
0.4237 0.3847 0.3856 0.3856 0.3856 0.4061 0.3981 0.4833 0.3982 0.4254 0.3918 0.3929 0.4020 0.4002 1.0000 0.3597 0.4198 0.4092 0.4107 0.3856
0.4116 0.4252 0.3775 0.3775 0.3775 0.3623 0.3732 0.3784 0.3804 0.4006 0.3807 0.3608 0.3793 0.3280 0.3597 1.0000 0.3865 0.4388 0.4073 0.3775
0.4194 0.3950 0.4062 0.4062 0.4062 0.4060 0.4093 0.4241 0.4210 0.4446 0.4053 0.4166 0.4527 0.3967 0.4198 0.3865 1.0000 0.4095 0.3791 0.4062
0.3981 0.4014 0.4275 0.4275 0.4275 0.4113 0.4038 0.4157 0.4085 0.4390 0.4248 0.3867 0.4029 0.3784 0.4092 0.4388 0.4095 1.0000 0.4319 0.4275
0.4054 0.3671 0.4046 0.4046 0.4046 0.3726 0.4039 0.4026 0.4037 0.4205 0.3745 0.3663 0.3877 0.3744 0.4107 0.4073 0.3791 0.4319 1.0000 0.4046
0.4049 0.4033 1.0000 1.0000 1.0000 0.3953 0.4102 0.4152 0.4378 0.4418 0.4871 0.4627 0.4155 0.4278 0.3856 0.3775 0.4062 0.4275 0.4046 1.0000
