-------------------------------------------------------------------------------
 L       Percentage of nodes in the largest component
 D       Percentage of nodes in components of size at most 3 [-div option]
 R       Percentage of nodes not in L or D: 100 - L -D
 S       Percentage of nodes that are singletons
 E       Fraction of edges retained (input graph has 380)
 cce     Expected size of component, nodewise [ sum(sz^2) / sum^2(sz) ]
 EW      Edge weight traits (mean, median and IQR)
 ND      Node degree traits [mean, median and IQR]
 CCF     Clustering coefficient (scale 1-100)
 eff     Induced component efficiency relative to start graph (scale 1-1000)
Total number of nodes: 20
----------------------------------------------------------------------------------------------
  L   D   R   S     E     cce  EWmean   EWmed   EWiqr  NDmean   NDmed  NDiqr CCF  eff  Cutoff 
----------------------------------------------------------------------------------------------
100   0   0   0 1.000      20    0.74    0.73    0.05    19.0    19.5    0.5   -    -     0.50
100   0   0   0 1.000      20    0.74    0.73    0.05    19.0    19.5    0.5   -    -     0.51
100   0   0   0 1.000      20    0.74    0.73    0.05    19.0    19.5    0.5   -    -     0.52
100   0   0   0 1.000      20    0.74    0.73    0.05    19.0    19.5    0.5   -    -     0.53
100   0   0   0 1.000      20    0.74    0.73    0.05    19.0    19.5    0.5   -    -     0.54
100   0   0   0 1.000      20    0.74    0.73    0.05    19.0    19.5    0.5   -    -     0.55
100   0   0   0 1.000      20    0.74    0.73    0.05    19.0    19.5    0.5   -    -     0.56
100   0   0   0 1.000      20    0.74    0.73    0.05    19.0    19.5    0.5   -    -     0.57
100   0   0   0 1.000      20    0.74    0.73    0.05    19.0    19.5    0.5   -    -     0.58
100   0   0   0 1.000      20    0.74    0.73    0.05    19.0    19.5    0.5   -    -     0.59
100   0   0   0 1.000      20    0.74    0.73    0.05    19.0    19.5    0.5   -    -     0.60
100   0   0   0 1.000      20    0.74    0.73    0.05    19.0    19.5    0.5   -    -     0.61
100   0   0   0 1.000      20    0.74    0.73    0.05    19.0    19.5    0.5   -    -     0.62
100   0   0   0 1.000      20    0.74    0.73    0.05    19.0    19.5    0.5   -    -     0.63
100   0   0   0 0.995      20    0.74    0.73    0.05    18.9    19.5    0.5   -    -     0.64
100   0   0   0 0.995      20    0.74    0.73    0.05    18.9    19.5    0.5   -    -     0.65
100   0   0   0 0.979      20    0.74    0.73    0.06    18.6    19.5    0.5   -    -     0.66
100   0   0   0 0.963      20    0.74    0.73    0.06    18.3    19.5    1.5   -    -     0.67
100   0   0   0 0.916      20    0.75    0.73    0.06    17.4    18.5    0.5   -    -     0.68
100   0   0   0 0.853      20    0.75    0.73    0.06    16.2    17.5    1.5   -    -     0.69
100   0   0   0 0.816      20    0.76    0.74    0.07    15.5    17.5    3.5   -    -     0.70
100   0   0   0 0.763      20    0.76    0.74    0.07    14.5    15.5    4.5   -    -     0.71
 95   5   0   5 0.595      18    0.77    0.76    0.06    11.3    11.5    5.5   -    -     0.72
 95   5   0   5 0.500      18    0.78    0.77    0.06     9.5     9.5    7.5   -    -     0.73
 95   5   0   5 0.374      18    0.80    0.79    0.06     7.1     6.5    7.5   -    -     0.74
 95   5   0   5 0.311      18    0.81    0.80    0.05     5.9     5.5    8.5   -    -     0.75
 95   5   0   5 0.279      18    0.81    0.80    0.03     5.3     4.5    7.5   -    -     0.76
 60  40   0   5 0.232       8    0.82    0.81    0.03     4.4     2.5    7.5   -    -     0.77
 50  50   0  15 0.221       6    0.82    0.81    0.03     4.2     2.5    7.5   -    -     0.78
 50  50   0  30 0.195       6    0.83    0.82    0.04     3.7     1.5    8.5   -    -     0.79
 50  50   0  30 0.147       6    0.84    0.82    0.04     2.8     1.5    5.5   -    -     0.80
 45  55   0  45 0.105       5    0.85    0.83    0.03     2.0     1.5    4.5   -    -     0.81
 35  65   0  45 0.074       3    0.87    0.85    0.05     1.4     1.5    2.5   -    -     0.82
 30  70   0  50 0.053       3    0.89    0.86    0.07     1.0     0.5    2.5   -    -     0.83
 30  70   0  50 0.053       3    0.89    0.86    0.07     1.0     0.5    2.5   -    -     0.84
  0 100   0  50 0.026       2    0.93    0.92    0.12     0.5     0.5    1.5   -    -     0.85
  0 100   0  50 0.026       2    0.93    0.92    0.12     0.5     0.5    1.5   -    -     0.86
  0 100   0  60 0.021       1    0.95    0.96    0.08     0.4     0.5    1.5   -    -     0.87
  0 100   0  60 0.021       1    0.95    0.96    0.08     0.4     0.5    1.5   -    -     0.88
  0 100   0  70 0.016       1    0.97    1.00    0.04     0.3     0.5    1.5   -    -     0.89
  0 100   0  70 0.016       1    0.97    1.00    0.04     0.3     0.5    1.5   -    -     0.90
  0 100   0  70 0.016       1    0.97    1.00    0.04     0.3     0.5    1.5   -    -     0.91
  0 100   0  70 0.016       1    0.97    1.00    0.04     0.3     0.5    1.5   -    -     0.92
  0 100   0  80 0.011       1    1.00    1.00    0.00     0.2     0.5    0.5   -    -     0.93
  0 100   0  80 0.011       1    1.00    1.00    0.00     0.2     0.5    0.5   -    -     0.94
  0 100   0  80 0.011       1    1.00    1.00    0.00     0.2     0.5    0.5   -    -     0.95
  0 100   0  80 0.011       1    1.00    1.00    0.00     0.2     0.5    0.5   -    -     0.96
  0 100   0  80 0.011       1    1.00    1.00    0.00     0.2     0.5    0.5   -    -     0.97
  0 100   0  80 0.011       1    1.00    1.00    0.00     0.2     0.5    0.5   -    -     0.98
  0 100   0  80 0.011       1    1.00    1.00    0.00     0.2     0.5    0.5   -    -     0.99
---------------------------------------------------------------------------------------------
