1.0000	0.9997	0.9998	0.9998	0.9998	0.9993	0.9997	0.9998	0.9998	0.9997	0.9997	0.9998	0.9998	0.4868	0.9997	0.9996	0.9998	0.4866	0.9997	0.9997
0.9997	1.0000	0.9996	0.9997	0.9997	0.9992	0.9996	0.9999	0.9996	0.9997	0.9998	0.9999	0.9997	0.4868	0.9997	0.9995	0.9999	0.4867	0.9998	0.9996
0.9998	0.9996	1.0000	0.9997	0.9997	0.9994	0.9996	0.9997	1.0000	0.9996	0.9996	0.9997	0.9996	0.4867	0.9996	0.9995	0.9996	0.4865	0.9996	0.9996
0.9998	0.9997	0.9997	1.0000	1.0000	0.9991	0.9999	0.9998	0.9997	0.9999	0.9999	0.9998	1.0000	0.4869	0.9999	0.9998	0.9998	0.4868	0.9999	0.9999
0.9998	0.9997	0.9997	1.0000	1.0000	0.9991	0.9999	0.9998	0.9997	0.9999	0.9999	0.9998	1.0000	0.4869	0.9999	0.9998	0.9998	0.4868	0.9999	0.9999
0.9993	0.9992	0.9994	0.9991	0.9991	1.0000	0.9990	0.9992	0.9994	0.9991	0.9991	0.9992	0.9991	0.4863	0.9990	0.9990	0.9991	0.4861	0.9991	0.9990
0.9997	0.9996	0.9996	0.9999	0.9999	0.9990	1.0000	0.9997	0.9996	0.9999	0.9998	0.9997	0.9999	0.4870	0.9999	0.9999	0.9998	0.4868	0.9999	1.0000
0.9998	0.9999	0.9997	0.9998	0.9998	0.9992	0.9997	1.0000	0.9997	0.9998	0.9999	0.9999	0.9998	0.4868	0.9998	0.9996	0.9999	0.4867	0.9998	0.9997
0.9998	0.9996	1.0000	0.9997	0.9997	0.9994	0.9996	0.9997	1.0000	0.9996	0.9996	0.9997	0.9996	0.4867	0.9996	0.9995	0.9996	0.4865	0.9996	0.9996
0.9997	0.9997	0.9996	0.9999	0.9999	0.9991	0.9999	0.9998	0.9996	1.0000	0.9999	0.9998	0.9999	0.4869	1.0000	0.9998	0.9999	0.4868	0.9999	0.9999
0.9997	0.9998	0.9996	0.9999	0.9999	0.9991	0.9998	0.9999	0.9996	0.9999	1.0000	0.9999	0.9999	0.4869	0.9999	0.9997	0.9999	0.4868	0.9999	0.9998
0.9998	0.9999	0.9997	0.9998	0.9998	0.9992	0.9997	0.9999	0.9997	0.9998	0.9999	1.0000	0.9998	0.4869	0.9998	0.9996	1.0000	0.4867	0.9999	0.9997
0.9998	0.9997	0.9996	1.0000	1.0000	0.9991	0.9999	0.9998	0.9996	0.9999	0.9999	0.9998	1.0000	0.4869	0.9999	0.9998	0.9998	0.4868	0.9999	0.9999
0.4868	0.4868	0.4867	0.4869	0.4869	0.4863	0.4870	0.4868	0.4867	0.4869	0.4869	0.4869	0.4869	1.0000	0.4870	0.4870	0.4869	0.9995	0.4869	0.4870
0.9997	0.9997	0.9996	0.9999	0.9999	0.9990	0.9999	0.9998	0.9996	1.0000	0.9999	0.9998	0.9999	0.4870	1.0000	0.9998	0.9998	0.4868	0.9999	0.9999
0.9996	0.9995	0.9995	0.9998	0.9998	0.9990	0.9999	0.9996	0.9995	0.9998	0.9997	0.9996	0.9998	0.4870	0.9998	1.0000	0.9996	0.4869	0.9997	0.9998
0.9998	0.9999	0.9996	0.9998	0.9998	0.9991	0.9998	0.9999	0.9996	0.9999	0.9999	1.0000	0.9998	0.4869	0.9998	0.9996	1.0000	0.4867	0.9999	0.9998
0.4866	0.4867	0.4865	0.4868	0.4868	0.4861	0.4868	0.4867	0.4865	0.4868	0.4868	0.4867	0.4868	0.9995	0.4868	0.4869	0.4867	1.0000	0.4868	0.4868
0.9997	0.9998	0.9996	0.9999	0.9999	0.9991	0.9999	0.9998	0.9996	0.9999	0.9999	0.9999	0.9999	0.4869	0.9999	0.9997	0.9999	0.4868	1.0000	0.9999
0.9997	0.9996	0.9996	0.9999	0.9999	0.9990	1.0000	0.9997	0.9996	0.9999	0.9998	0.9997	0.9999	0.4870	0.9999	0.9998	0.9998	0.4868	0.9999	1.0000
