1.0000 0.7619 0.9708 0.7166 0.7942 0.7340 0.7335 0.8049 0.8053 0.9967 0.9840 0.7828 0.9180 0.7281 0.7119 0.7281 0.9809 0.9640 0.8897 0.6714
0.7619 1.0000 0.7605 0.7700 0.7038 0.8246 0.8422 0.6921 0.6925 0.7624 0.7618 0.7175 0.7492 0.8520 0.7668 0.8332 0.7621 0.7605 0.7378 0.7461
0.9708 0.7605 1.0000 0.7189 0.8029 0.7406 0.7397 0.8156 0.8160 0.9708 0.9770 0.7932 0.9406 0.7212 0.7180 0.7353 0.9845 0.9905 0.9115 0.6779
0.7166 0.7700 0.7189 1.0000 0.6738 0.7489 0.7483 0.6661 0.6665 0.7170 0.7174 0.6830 0.7149 0.7249 0.8053 0.7443 0.7184 0.7195 0.7077 0.7483
0.7942 0.7038 0.8029 0.6738 1.0000 0.7059 0.7048 0.8168 0.8168 0.7939 0.7948 0.7808 0.8154 0.6582 0.6836 0.7054 0.7976 0.8054 0.8199 0.6839
0.7340 0.8246 0.7406 0.7489 0.7059 1.0000 0.9484 0.7158 0.7162 0.7344 0.7351 0.7416 0.7487 0.7572 0.8451 0.9415 0.7376 0.7432 0.7461 0.7436
0.7335 0.8422 0.7397 0.7483 0.7048 0.9484 1.0000 0.7151 0.7156 0.7339 0.7343 0.7453 0.7469 0.7635 0.8366 0.9743 0.7367 0.7420 0.7440 0.7434
0.8049 0.6921 0.8156 0.6661 0.8168 0.7158 0.7151 1.0000 0.9964 0.8048 0.8051 0.8971 0.8330 0.6481 0.6944 0.7166 0.8089 0.8185 0.8392 0.6782
0.8053 0.6925 0.8160 0.6665 0.8168 0.7162 0.7156 0.9964 1.0000 0.8052 0.8055 0.8979 0.8336 0.6484 0.6948 0.7171 0.8093 0.8189 0.8399 0.6786
0.9967 0.7624 0.9708 0.7170 0.7939 0.7344 0.7339 0.8048 0.8052 1.0000 0.9835 0.7831 0.9179 0.7286 0.7122 0.7285 0.9811 0.9641 0.8895 0.6717
0.9840 0.7618 0.9770 0.7174 0.7948 0.7351 0.7343 0.8051 0.8055 0.9835 1.0000 0.7828 0.9211 0.7276 0.7129 0.7288 0.9910 0.9699 0.8922 0.6716
0.7828 0.7175 0.7932 0.6830 0.7808 0.7416 0.7453 0.8971 0.8979 0.7831 0.7828 1.0000 0.8142 0.6680 0.7148 0.7488 0.7869 0.7968 0.8211 0.7108
0.9180 0.7492 0.9406 0.7149 0.8154 0.7487 0.7469 0.8330 0.8336 0.9179 0.9211 0.8142 1.0000 0.7011 0.7250 0.7471 0.9279 0.9479 0.9664 0.6926
0.7281 0.8520 0.7212 0.7249 0.6582 0.7572 0.7635 0.6481 0.6484 0.7286 0.7276 0.6680 0.7011 1.0000 0.7128 0.7553 0.7261 0.7194 0.6869 0.7085
0.7119 0.7668 0.7180 0.8053 0.6836 0.8451 0.8366 0.6944 0.6948 0.7122 0.7129 0.7148 0.7250 0.7128 1.0000 0.8341 0.7152 0.7202 0.7226 0.7005
0.7281 0.8332 0.7353 0.7443 0.7054 0.9415 0.9743 0.7166 0.7171 0.7285 0.7288 0.7488 0.7471 0.7553 0.8341 1.0000 0.7316 0.7381 0.7465 0.7486
0.9809 0.7621 0.9845 0.7184 0.7976 0.7376 0.7367 0.8089 0.8093 0.9811 0.9910 0.7869 0.9279 0.7261 0.7152 0.7316 1.0000 0.9774 0.8987 0.6742
0.9640 0.7605 0.9905 0.7195 0.8054 0.7432 0.7420 0.8185 0.8189 0.9641 0.9699 0.7968 0.9479 0.7194 0.7202 0.7381 0.9774 1.0000 0.9184 0.6806
0.8897 0.7378 0.9115 0.7077 0.8199 0.7461 0.7440 0.8392 0.8399 0.8895 0.8922 0.8211 0.9664 0.6869 0.7226 0.7465 0.8987 0.9184 1.0000 0.6977
0.6714 0.7461 0.6779 0.7483 0.6839 0.7436 0.7434 0.6782 0.6786 0.6717 0.6716 0.7108 0.6926 0.7085 0.7005 0.7486 0.6742 0.6806 0.6977 1.0000
