1.0000	0.4669	0.4027	0.3962	0.3962	0.4540	0.4250	0.3852	0.3969	0.3734	0.4030	0.4229	0.4478	0.4346	0.3873	0.4319	0.3806	0.4213	0.4363	0.4289
0.4669	1.0000	0.3935	0.4342	0.4342	0.4357	0.4199	0.4248	0.4331	0.3911	0.4457	0.4480	0.4527	0.3922	0.3799	0.4143	0.3707	0.4218	0.4290	0.4632
0.4027	0.3935	1.0000	0.4797	0.4797	0.5286	0.5412	0.4862	0.4623	0.5430	0.5213	0.4997	0.4838	0.4573	0.4449	0.4439	0.4981	0.5400	0.4544	0.4635
0.3962	0.4342	0.4797	1.0000	1.0000	0.4793	0.5075	0.4770	0.4393	0.5311	0.4743	0.4808	0.4784	0.4278	0.4904	0.4877	0.4939	0.4871	0.5523	0.4655
0.3962	0.4342	0.4797	1.0000	1.0000	0.4793	0.5075	0.4770	0.4393	0.5311	0.4743	0.4808	0.4784	0.4278	0.4904	0.4877	0.4939	0.4871	0.5523	0.4655
0.4540	0.4357	0.5286	0.4793	0.4793	1.0000	0.5075	0.4893	0.4915	0.5114	0.4999	0.4908	0.5222	0.5144	0.4501	0.4737	0.4637	0.5142	0.4451	0.5134
0.4250	0.4199	0.5412	0.5075	0.5075	0.5075	1.0000	0.4848	0.4780	0.4815	0.5450	0.4936	0.4933	0.4801	0.4783	0.4768	0.4820	0.4914	0.4618	0.4931
0.3852	0.4248	0.4862	0.4770	0.4770	0.4893	0.4848	1.0000	0.4612	0.4566	0.4729	0.4491	0.4775	0.4891	0.4439	0.4250	0.4597	0.4327	0.4218	0.4995
0.3969	0.4331	0.4623	0.4393	0.4393	0.4915	0.4780	0.4612	1.0000	0.4851	0.4766	0.4933	0.4729	0.4436	0.4102	0.4149	0.4322	0.4808	0.4277	0.5533
0.3734	0.3911	0.5430	0.5311	0.5311	0.5114	0.4815	0.4566	0.4851	1.0000	0.5211	0.4825	0.4996	0.4427	0.4617	0.4838	0.5127	0.4998	0.5027	0.4526
0.4030	0.4457	0.5213	0.4743	0.4743	0.4999	0.5450	0.4729	0.4766	0.5211	1.0000	0.5214	0.5282	0.4584	0.4752	0.4315	0.5180	0.5178	0.4527	0.5030
0.4229	0.4480	0.4997	0.4808	0.4808	0.4908	0.4936	0.4491	0.4933	0.4825	0.5214	1.0000	0.4841	0.4212	0.4277	0.4524	0.4539	0.5269	0.4648	0.5081
0.4478	0.4527	0.4838	0.4784	0.4784	0.5222	0.4933	0.4775	0.4729	0.4996	0.5282	0.4841	1.0000	0.4583	0.4909	0.4798	0.4689	0.5471	0.4650	0.5148
0.4346	0.3922	0.4573	0.4278	0.4278	0.5144	0.4801	0.4891	0.4436	0.4427	0.4584	0.4212	0.4583	1.0000	0.4146	0.4040	0.4186	0.4290	0.4179	0.4833
0.3873	0.3799	0.4449	0.4904	0.4904	0.4501	0.4783	0.4439	0.4102	0.4617	0.4752	0.4277	0.4909	0.4146	1.0000	0.3760	0.4539	0.4866	0.3853	0.4319
0.4319	0.4143	0.4439	0.4877	0.4877	0.4737	0.4768	0.4250	0.4149	0.4838	0.4315	0.4524	0.4798	0.4040	0.3760	1.0000	0.4514	0.4233	0.5199	0.4255
0.3806	0.3707	0.4981	0.4939	0.4939	0.4637	0.4820	0.4597	0.4322	0.5127	0.5180	0.4539	0.4689	0.4186	0.4539	0.4514	1.0000	0.4957	0.4313	0.4336
0.4213	0.4218	0.5400	0.4871	0.4871	0.5142	0.4914	0.4327	0.4808	0.4998	0.5178	0.5269	0.5471	0.4290	0.4866	0.4233	0.4957	1.0000	0.4346	0.4683
0.4363	0.4290	0.4544	0.5523	0.5523	0.4451	0.4618	0.4218	0.4277	0.5027	0.4527	0.4648	0.4650	0.4179	0.3853	0.5199	0.4313	0.4346	1.0000	0.4508
0.4289	0.4632	0.4635	0.4655	0.4655	0.5134	0.4931	0.4995	0.5533	0.4526	0.5030	0.5081	0.5148	0.4833	0.4319	0.4255	0.4336	0.4683	0.4508	1.0000
