-------------------------------------------------------------------------------
 L       Percentage of nodes in the largest component
 D       Percentage of nodes in components of size at most 3 [-div option]
 R       Percentage of nodes not in L or D: 100 - L -D
 S       Percentage of nodes that are singletons
 E       Fraction of edges retained (input graph has 380)
 cce     Expected size of component, nodewise [ sum(sz^2) / sum^2(sz) ]
 EW      Edge weight traits (mean, median and IQR)
 ND      Node degree traits [mean, median and IQR]
 CCF     Clustering coefficient (scale 1-100)
 eff     Induced component efficiency relative to start graph (scale 1-1000)
Total number of nodes: 20
----------------------------------------------------------------------------------------------
  L   D   R   S     E     cce  EWmean   EWmed   EWiqr  NDmean   NDmed  NDiqr CCF  eff  Cutoff 
----------------------------------------------------------------------------------------------
100   0   0   0 1.000      20    0.68    0.68    0.19    19.0    19.5    0.5   -    -     0.50
100   0   0   0 0.984      20    0.69    0.68    0.19    18.7    19.5    0.5   -    -     0.51
100   0   0   0 0.958      20    0.69    0.68    0.18    18.2    19.5    1.5   -    -     0.52
100   0   0   0 0.947      20    0.69    0.69    0.18    18.0    19.5    2.5   -    -     0.53
100   0   0   0 0.947      20    0.69    0.69    0.18    18.0    19.5    2.5   -    -     0.54
100   0   0   0 0.947      20    0.69    0.69    0.18    18.0    19.5    2.5   -    -     0.55
100   0   0   0 0.916      20    0.70    0.69    0.18    17.4    19.5    3.5   -    -     0.56
100   0   0   0 0.800      20    0.72    0.71    0.12    15.2    15.5    5.5   -    -     0.57
100   0   0   0 0.753      20    0.73    0.71    0.12    14.3    14.5    3.5   -    -     0.58
100   0   0   0 0.711      20    0.74    0.72    0.12    13.5    14.5    0.5   -    -     0.59
100   0   0   0 0.658      20    0.75    0.72    0.10    12.5    14.5    3.5   -    -     0.60
100   0   0   0 0.653      20    0.75    0.72    0.10    12.4    14.5    3.5   -    -     0.61
100   0   0   0 0.637      20    0.75    0.74    0.10    12.1    14.5    3.5   -    -     0.62
100   0   0   0 0.626      20    0.75    0.75    0.10    11.9    14.5    4.5   -    -     0.63
100   0   0   0 0.621      20    0.76    0.75    0.10    11.8    14.5    4.5   -    -     0.64
100   0   0   0 0.605      20    0.76    0.75    0.09    11.5    14.5    4.5   -    -     0.65
100   0   0   0 0.526      20    0.77    0.77    0.10    10.0    11.5    2.5   -    -     0.66
100   0   0   0 0.511      20    0.78    0.77    0.10     9.7    10.5    2.5   -    -     0.67
100   0   0   0 0.511      20    0.78    0.77    0.10     9.7    10.5    2.5   -    -     0.68
100   0   0   0 0.468      20    0.79    0.77    0.10     8.9     9.5    3.5   -    -     0.69
 60   0  40   0 0.447      10    0.79    0.78    0.10     8.5     9.5    4.5   -    -     0.70
 60   0  40   0 0.395      10    0.80    0.78    0.07     7.5     8.5    7.5   -    -     0.71
 60  20  20   5 0.326       9    0.82    0.79    0.05     6.2     7.5    7.5   -    -     0.72
 60  20  20   5 0.321       9    0.82    0.79    0.05     6.1     7.5    7.5   -    -     0.73
 60  20  20   5 0.321       9    0.82    0.79    0.05     6.1     7.5    7.5   -    -     0.74
 60  20  20   5 0.289       9    0.83    0.79    0.06     5.5     5.5    6.5   -    -     0.75
 60  20  20   5 0.274       9    0.83    0.80    0.07     5.2     4.5    6.5   -    -     0.76
 60  20  20   5 0.258       9    0.84    0.81    0.07     4.9     4.5    4.5   -    -     0.77
 60  20  20   5 0.179       9    0.86    0.82    0.19     3.4     3.5    4.5   -    -     0.78
 50  50   0  20 0.137       6    0.89    0.85    0.18     2.6     2.5    3.5   -    -     0.79
 50  50   0  20 0.137       6    0.89    0.85    0.18     2.6     2.5    3.5   -    -     0.80
 50  50   0  20 0.137       6    0.89    0.85    0.18     2.6     2.5    3.5   -    -     0.81
 20  60  20  35 0.079       3    0.94    1.00    0.15     1.5     2.5    3.5   -    -     0.82
 20  60  20  35 0.074       3    0.95    1.00    0.15     1.4     1.5    2.5   -    -     0.83
 20  60  20  35 0.074       3    0.95    1.00    0.15     1.4     1.5    2.5   -    -     0.84
 20  60  20  45 0.063       3    0.96    1.00    0.00     1.2     1.5    2.5   -    -     0.85
 20  80   0  65 0.047       2    1.00    1.00    0.00     0.9     0.5    2.5   -    -     0.86
 20  80   0  65 0.047       2    1.00    1.00    0.00     0.9     0.5    2.5   -    -     0.87
 20  80   0  65 0.047       2    1.00    1.00    0.00     0.9     0.5    2.5   -    -     0.88
 20  80   0  65 0.047       2    1.00    1.00    0.00     0.9     0.5    2.5   -    -     0.89
 20  80   0  65 0.047       2    1.00    1.00    0.00     0.9     0.5    2.5   -    -     0.90
 20  80   0  65 0.047       2    1.00    1.00    0.00     0.9     0.5    2.5   -    -     0.91
 20  80   0  65 0.047       2    1.00    1.00    0.00     0.9     0.5    2.5   -    -     0.92
 20  80   0  65 0.047       2    1.00    1.00    0.00     0.9     0.5    2.5   -    -     0.93
 20  80   0  65 0.047       2    1.00    1.00    0.00     0.9     0.5    2.5   -    -     0.94
 20  80   0  65 0.047       2    1.00    1.00    0.00     0.9     0.5    2.5   -    -     0.95
 20  80   0  65 0.047       2    1.00    1.00    0.00     0.9     0.5    2.5   -    -     0.96
 20  80   0  65 0.047       2    1.00    1.00    0.00     0.9     0.5    2.5   -    -     0.97
 20  80   0  65 0.047       2    1.00    1.00    0.00     0.9     0.5    2.5   -    -     0.98
 20  80   0  65 0.047       2    1.00    1.00    0.00     0.9     0.5    2.5   -    -     0.99
---------------------------------------------------------------------------------------------
