1.0000	0.3694	0.3798	0.3798	0.3798	0.5835	0.3579	0.4224	0.4453	0.4044	0.3621	0.4857	0.4125	0.4808	0.3714	0.4772	0.4091	0.4395	0.4606	0.3586
0.3694	1.0000	0.4786	0.4786	0.4786	0.3872	0.4275	0.4039	0.4657	0.4414	0.4457	0.4099	0.4616	0.5080	0.6110	0.4900	0.5765	0.5167	0.3832	0.5879
0.3798	0.4786	1.0000	1.0000	1.0000	0.4568	0.5067	0.4883	0.5066	0.5571	0.5826	0.5060	0.5451	0.4825	0.4916	0.5097	0.5081	0.5906	0.4922	0.5116
0.3798	0.4786	1.0000	1.0000	1.0000	0.4568	0.5067	0.4883	0.5066	0.5571	0.5826	0.5060	0.5451	0.4825	0.4916	0.5097	0.5081	0.5906	0.4922	0.5116
0.3798	0.4786	1.0000	1.0000	1.0000	0.4568	0.5067	0.4883	0.5066	0.5571	0.5826	0.5060	0.5451	0.4825	0.4916	0.5097	0.5081	0.5906	0.4922	0.5116
0.5835	0.3872	0.4568	0.4568	0.4568	1.0000	0.4373	0.5098	0.3880	0.4820	0.4398	0.6199	0.3956	0.4569	0.3966	0.4374	0.3877	0.5328	0.5670	0.3827
0.3579	0.4275	0.5067	0.5067	0.5067	0.4373	1.0000	0.5841	0.4484	0.5611	0.5388	0.5302	0.4455	0.5432	0.4802	0.4665	0.4602	0.5589	0.5457	0.4413
0.4224	0.4039	0.4883	0.4883	0.4883	0.5098	0.5841	1.0000	0.4079	0.5256	0.5257	0.5449	0.4411	0.5286	0.4635	0.4682	0.4193	0.5643	0.5738	0.4165
0.4453	0.4657	0.5066	0.5066	0.5066	0.3880	0.4484	0.4079	1.0000	0.4738	0.4913	0.4213	0.6396	0.5543	0.4891	0.6212	0.6103	0.5006	0.4211	0.5507
0.4044	0.4414	0.5571	0.5571	0.5571	0.4820	0.5611	0.5256	0.4738	1.0000	0.5944	0.5404	0.4747	0.4934	0.4832	0.4977	0.4723	0.5829	0.5203	0.4562
0.3621	0.4457	0.5826	0.5826	0.5826	0.4398	0.5388	0.5257	0.4913	0.5944	1.0000	0.4749	0.5046	0.4761	0.4871	0.5019	0.4893	0.5701	0.4828	0.4792
0.4857	0.4099	0.5060	0.5060	0.5060	0.6199	0.5302	0.5449	0.4213	0.5404	0.4749	1.0000	0.4534	0.4999	0.4328	0.4675	0.4217	0.5905	0.5988	0.4166
0.4125	0.4616	0.5451	0.5451	0.5451	0.3956	0.4455	0.4411	0.6396	0.4747	0.5046	0.4534	1.0000	0.5396	0.4825	0.6002	0.5584	0.5166	0.4394	0.5045
0.4808	0.5080	0.4825	0.4825	0.4825	0.4569	0.5432	0.5286	0.5543	0.4934	0.4761	0.4999	0.5396	1.0000	0.5176	0.6290	0.5655	0.5719	0.4796	0.4856
0.3714	0.6110	0.4916	0.4916	0.4916	0.3966	0.4802	0.4635	0.4891	0.4832	0.4871	0.4328	0.4825	0.5176	1.0000	0.5082	0.5423	0.5187	0.4151	0.5644
0.4772	0.4900	0.5097	0.5097	0.5097	0.4374	0.4665	0.4682	0.6212	0.4977	0.5019	0.4675	0.6002	0.6290	0.5082	1.0000	0.5493	0.5475	0.4518	0.4910
0.4091	0.5765	0.5081	0.5081	0.5081	0.3877	0.4602	0.4193	0.6103	0.4723	0.4893	0.4217	0.5584	0.5655	0.5423	0.5493	1.0000	0.5598	0.4086	0.6462
0.4395	0.5167	0.5906	0.5906	0.5906	0.5328	0.5589	0.5643	0.5006	0.5829	0.5701	0.5905	0.5166	0.5719	0.5187	0.5475	0.5598	1.0000	0.5222	0.5337
0.4606	0.3832	0.4922	0.4922	0.4922	0.5670	0.5457	0.5738	0.4211	0.5203	0.4828	0.5988	0.4394	0.4796	0.4151	0.4518	0.4086	0.5222	1.0000	0.4054
0.3586	0.5879	0.5116	0.5116	0.5116	0.3827	0.4413	0.4165	0.5507	0.4562	0.4792	0.4166	0.5045	0.4856	0.5644	0.4910	0.6462	0.5337	0.4054	1.0000
