-------------------------------------------------------------------------------
 L       Percentage of nodes in the largest component
 D       Percentage of nodes in components of size at most 3 [-div option]
 R       Percentage of nodes not in L or D: 100 - L -D
 S       Percentage of nodes that are singletons
 E       Fraction of edges retained (input graph has 380)
 cce     Expected size of component, nodewise [ sum(sz^2) / sum^2(sz) ]
 EW      Edge weight traits (mean, median and IQR)
 ND      Node degree traits [mean, median and IQR]
 CCF     Clustering coefficient (scale 1-100)
 eff     Induced component efficiency relative to start graph (scale 1-1000)
Total number of nodes: 20
----------------------------------------------------------------------------------------------
  L   D   R   S     E     cce  EWmean   EWmed   EWiqr  NDmean   NDmed  NDiqr CCF  eff  Cutoff 
----------------------------------------------------------------------------------------------
100   0   0   0 0.474      20    0.56    0.55    0.07     9.0     9.5    2.5   -    -     0.50
100   0   0   0 0.358      20    0.58    0.56    0.05     6.8     7.5    3.5   -    -     0.51
100   0   0   0 0.321      20    0.59    0.56    0.05     6.1     6.5    2.5   -    -     0.52
100   0   0   0 0.295      20    0.59    0.57    0.04     5.6     6.5    2.5   -    -     0.53
100   0   0   0 0.268      20    0.60    0.57    0.04     5.1     5.5    2.5   -    -     0.54
100   0   0   0 0.216      20    0.61    0.58    0.04     4.1     3.5    2.5   -    -     0.55
100   0   0   0 0.174      20    0.63    0.59    0.03     3.3     3.5    1.5   -    -     0.56
100   0   0   0 0.147      20    0.64    0.59    0.04     2.8     2.5    1.5   -    -     0.57
 50  10  40   0 0.126       8    0.65    0.60    0.03     2.4     2.5    2.5   -    -     0.58
 35  35  30  15 0.089       5    0.68    0.61    0.05     1.7     1.5    2.5   -    -     0.59
 30  70   0  35 0.058       3    0.73    0.63    0.21     1.1     1.5    2.5   -    -     0.60
 30  70   0  35 0.053       3    0.74    0.63    0.38     1.0     1.5    2.5   -    -     0.61
 20  80   0  55 0.037       2    0.79    0.65    0.37     0.7     0.5    1.5   -    -     0.62
  0 100   0  65 0.026       2    0.86    1.00    0.35     0.5     0.5    1.5   -    -     0.63
  0 100   0  75 0.021       1    0.91    1.00    0.00     0.4     0.5    0.5   -    -     0.64
  0 100   0  85 0.016       1    1.00    1.00    0.00     0.3     0.5    0.5   -    -     0.65
  0 100   0  85 0.016       1    1.00    1.00    0.00     0.3     0.5    0.5   -    -     0.66
  0 100   0  85 0.016       1    1.00    1.00    0.00     0.3     0.5    0.5   -    -     0.67
  0 100   0  85 0.016       1    1.00    1.00    0.00     0.3     0.5    0.5   -    -     0.68
  0 100   0  85 0.016       1    1.00    1.00    0.00     0.3     0.5    0.5   -    -     0.69
  0 100   0  85 0.016       1    1.00    1.00    0.00     0.3     0.5    0.5   -    -     0.70
  0 100   0  85 0.016       1    1.00    1.00    0.00     0.3     0.5    0.5   -    -     0.71
  0 100   0  85 0.016       1    1.00    1.00    0.00     0.3     0.5    0.5   -    -     0.72
  0 100   0  85 0.016       1    1.00    1.00    0.00     0.3     0.5    0.5   -    -     0.73
  0 100   0  85 0.016       1    1.00    1.00    0.00     0.3     0.5    0.5   -    -     0.74
  0 100   0  85 0.016       1    1.00    1.00    0.00     0.3     0.5    0.5   -    -     0.75
  0 100   0  85 0.016       1    1.00    1.00    0.00     0.3     0.5    0.5   -    -     0.76
  0 100   0  85 0.016       1    1.00    1.00    0.00     0.3     0.5    0.5   -    -     0.77
  0 100   0  85 0.016       1    1.00    1.00    0.00     0.3     0.5    0.5   -    -     0.78
  0 100   0  85 0.016       1    1.00    1.00    0.00     0.3     0.5    0.5   -    -     0.79
  0 100   0  85 0.016       1    1.00    1.00    0.00     0.3     0.5    0.5   -    -     0.80
  0 100   0  85 0.016       1    1.00    1.00    0.00     0.3     0.5    0.5   -    -     0.81
  0 100   0  85 0.016       1    1.00    1.00    0.00     0.3     0.5    0.5   -    -     0.82
  0 100   0  85 0.016       1    1.00    1.00    0.00     0.3     0.5    0.5   -    -     0.83
  0 100   0  85 0.016       1    1.00    1.00    0.00     0.3     0.5    0.5   -    -     0.84
  0 100   0  85 0.016       1    1.00    1.00    0.00     0.3     0.5    0.5   -    -     0.85
  0 100   0  85 0.016       1    1.00    1.00    0.00     0.3     0.5    0.5   -    -     0.86
  0 100   0  85 0.016       1    1.00    1.00    0.00     0.3     0.5    0.5   -    -     0.87
  0 100   0  85 0.016       1    1.00    1.00    0.00     0.3     0.5    0.5   -    -     0.88
  0 100   0  85 0.016       1    1.00    1.00    0.00     0.3     0.5    0.5   -    -     0.89
  0 100   0  85 0.016       1    1.00    1.00    0.00     0.3     0.5    0.5   -    -     0.90
  0 100   0  85 0.016       1    1.00    1.00    0.00     0.3     0.5    0.5   -    -     0.91
  0 100   0  85 0.016       1    1.00    1.00    0.00     0.3     0.5    0.5   -    -     0.92
  0 100   0  85 0.016       1    1.00    1.00    0.00     0.3     0.5    0.5   -    -     0.93
  0 100   0  85 0.016       1    1.00    1.00    0.00     0.3     0.5    0.5   -    -     0.94
  0 100   0  85 0.016       1    1.00    1.00    0.00     0.3     0.5    0.5   -    -     0.95
  0 100   0  85 0.016       1    1.00    1.00    0.00     0.3     0.5    0.5   -    -     0.96
  0 100   0  85 0.016       1    1.00    1.00    0.00     0.3     0.5    0.5   -    -     0.97
  0 100   0  85 0.016       1    1.00    1.00    0.00     0.3     0.5    0.5   -    -     0.98
  0 100   0  85 0.016       1    1.00    1.00    0.00     0.3     0.5    0.5   -    -     0.99
---------------------------------------------------------------------------------------------
