1.0000 0.5687 0.5687 0.5687 0.5687 0.5599 0.7134 0.6255 0.5749 0.8154 0.8102 0.5203 0.5648 0.5136 0.7134 0.7703 0.5905 0.5973 0.7134 0.5873
0.5687 1.0000 1.0000 1.0000 1.0000 0.7753 0.6568 0.5714 0.7476 0.5607 0.5640 0.7737 0.7189 0.8195 0.6568 0.5616 0.7892 0.8186 0.6569 0.7768
0.5687 1.0000 1.0000 1.0000 1.0000 0.7753 0.6568 0.5714 0.7476 0.5607 0.5640 0.7737 0.7189 0.8195 0.6568 0.5616 0.7892 0.8186 0.6569 0.7768
0.5687 1.0000 1.0000 1.0000 1.0000 0.7753 0.6568 0.5714 0.7476 0.5607 0.5640 0.7737 0.7189 0.8195 0.6568 0.5616 0.7892 0.8186 0.6569 0.7768
0.5687 1.0000 1.0000 1.0000 1.0000 0.7753 0.6568 0.5714 0.7476 0.5607 0.5640 0.7737 0.7189 0.8195 0.6568 0.5616 0.7892 0.8186 0.6569 0.7768
0.5599 0.7753 0.7753 0.7753 0.7753 1.0000 0.6456 0.5625 0.7804 0.5521 0.5553 0.7572 0.6972 0.7279 0.6455 0.5529 0.8215 0.8501 0.6457 0.7690
0.7134 0.6568 0.6568 0.6568 0.6568 0.6456 1.0000 0.7168 0.6644 0.7014 0.7065 0.5985 0.6520 0.5905 0.9989 0.7029 0.6843 0.6929 0.9984 0.6801
0.6255 0.5714 0.5714 0.5714 0.5714 0.5625 0.7168 1.0000 0.5777 0.6161 0.6199 0.5227 0.5675 0.5160 0.7168 0.6166 0.5933 0.6001 0.7168 0.5900
0.5749 0.7476 0.7476 0.7476 0.7476 0.7804 0.6644 0.5777 1.0000 0.5668 0.5702 0.6814 0.7861 0.6896 0.6644 0.5677 0.7574 0.7651 0.6645 0.7862
0.8154 0.5607 0.5607 0.5607 0.5607 0.5521 0.7014 0.6161 0.5668 1.0000 0.8142 0.5131 0.5569 0.5064 0.7014 0.7854 0.5821 0.5887 0.7014 0.5789
0.8102 0.5640 0.5640 0.5640 0.5640 0.5553 0.7065 0.6199 0.5702 0.8142 1.0000 0.5161 0.5602 0.5094 0.7065 0.7767 0.5856 0.5923 0.7065 0.5824
0.5203 0.7737 0.7737 0.7737 0.7737 0.7572 0.5985 0.5227 0.6814 0.5131 0.5161 1.0000 0.6296 0.8493 0.5985 0.5139 0.7447 0.7655 0.5986 0.7143
0.5648 0.7189 0.7189 0.7189 0.7189 0.6972 0.6520 0.5675 0.7861 0.5569 0.5602 0.6296 1.0000 0.6391 0.6520 0.5578 0.7479 0.7161 0.6521 0.7702
0.5136 0.8195 0.8195 0.8195 0.8195 0.7279 0.5905 0.5160 0.6896 0.5064 0.5094 0.8493 0.6391 1.0000 0.5905 0.5072 0.7125 0.7547 0.5906 0.7093
0.7134 0.6568 0.6568 0.6568 0.6568 0.6455 0.9989 0.7168 0.6644 0.7014 0.7065 0.5985 0.6520 0.5905 1.0000 0.7028 0.6843 0.6928 0.9982 0.6800
0.7703 0.5616 0.5616 0.5616 0.5616 0.5529 0.7029 0.6166 0.5677 0.7854 0.7767 0.5139 0.5578 0.5072 0.7028 1.0000 0.5830 0.5896 0.7029 0.5798
0.5905 0.7892 0.7892 0.7892 0.7892 0.8215 0.6843 0.5933 0.7574 0.5821 0.5856 0.7447 0.7479 0.7125 0.6843 0.5830 1.0000 0.8561 0.6844 0.8508
0.5973 0.8186 0.8186 0.8186 0.8186 0.8501 0.6929 0.6001 0.7651 0.5887 0.5923 0.7655 0.7161 0.7547 0.6928 0.5896 0.8561 1.0000 0.6929 0.8437
0.7134 0.6569 0.6569 0.6569 0.6569 0.6457 0.9984 0.7168 0.6645 0.7014 0.7065 0.5986 0.6521 0.5906 0.9982 0.7029 0.6844 0.6929 1.0000 0.6801
0.5873 0.7768 0.7768 0.7768 0.7768 0.7690 0.6801 0.5900 0.7862 0.5789 0.5824 0.7143 0.7702 0.7093 0.6800 0.5798 0.8508 0.8437 0.6801 1.0000
