1.0000	0.9984	0.9978	0.9990	0.9980	0.9980	0.9980	0.9981	0.9978	0.9987	0.5807	0.9980	0.9978	0.9982	0.9989	0.6920	0.9980	0.9985	0.9980	0.9984
0.9984	1.0000	0.9982	0.9983	0.9987	0.9986	0.9983	0.9984	0.9982	0.9979	0.5806	0.9986	0.9982	0.9985	0.9983	0.6919	0.9983	0.9986	0.9981	0.9979
0.9978	0.9982	1.0000	0.9983	0.9980	0.9987	0.9989	0.9990	0.9998	0.9982	0.5813	0.9988	0.9998	0.9989	0.9983	0.6921	0.9989	0.9987	0.9988	0.9984
0.9990	0.9983	0.9983	1.0000	0.9979	0.9984	0.9985	0.9986	0.9983	0.9993	0.5810	0.9984	0.9983	0.9987	0.9998	0.6920	0.9985	0.9989	0.9984	0.9991
0.9980	0.9987	0.9980	0.9979	1.0000	0.9986	0.9984	0.9985	0.9980	0.9975	0.5806	0.9987	0.9980	0.9984	0.9980	0.6920	0.9983	0.9983	0.9979	0.9978
0.9980	0.9986	0.9987	0.9984	0.9986	1.0000	0.9992	0.9992	0.9988	0.9980	0.5810	0.9995	0.9988	0.9991	0.9984	0.6921	0.9990	0.9989	0.9985	0.9984
0.9980	0.9983	0.9989	0.9985	0.9984	0.9992	1.0000	0.9996	0.9989	0.9982	0.5812	0.9994	0.9989	0.9994	0.9986	0.6921	0.9996	0.9991	0.9987	0.9986
0.9981	0.9984	0.9990	0.9986	0.9985	0.9992	0.9996	1.0000	0.9990	0.9983	0.5812	0.9994	0.9990	0.9996	0.9987	0.6921	0.9994	0.9993	0.9988	0.9987
0.9978	0.9982	0.9998	0.9983	0.9980	0.9988	0.9989	0.9990	1.0000	0.9982	0.5813	0.9988	0.9999	0.9990	0.9983	0.6920	0.9989	0.9988	0.9988	0.9985
0.9987	0.9979	0.9982	0.9993	0.9975	0.9980	0.9982	0.9983	0.9982	1.0000	0.5813	0.9981	0.9982	0.9984	0.9992	0.6921	0.9983	0.9987	0.9985	0.9989
0.5807	0.5806	0.5813	0.5810	0.5806	0.5810	0.5812	0.5812	0.5813	0.5813	1.0000	0.5811	0.5813	0.5811	0.5811	0.5059	0.5813	0.5811	0.5813	0.5813
0.9980	0.9986	0.9988	0.9984	0.9987	0.9995	0.9994	0.9994	0.9988	0.9981	0.5811	1.0000	0.9988	0.9992	0.9985	0.6921	0.9992	0.9990	0.9986	0.9985
0.9978	0.9982	0.9998	0.9983	0.9980	0.9988	0.9989	0.9990	0.9999	0.9982	0.5813	0.9988	1.0000	0.9990	0.9983	0.6921	0.9989	0.9987	0.9988	0.9984
0.9982	0.9985	0.9989	0.9987	0.9984	0.9991	0.9994	0.9996	0.9990	0.9984	0.5811	0.9992	0.9990	1.0000	0.9988	0.6921	0.9993	0.9993	0.9988	0.9988
0.9989	0.9983	0.9983	0.9998	0.9980	0.9984	0.9986	0.9987	0.9983	0.9992	0.5811	0.9985	0.9983	0.9988	1.0000	0.6920	0.9986	0.9989	0.9984	0.9992
0.6920	0.6919	0.6921	0.6920	0.6920	0.6921	0.6921	0.6921	0.6920	0.6921	0.5059	0.6921	0.6921	0.6921	0.6920	1.0000	0.6921	0.6921	0.6922	0.6920
0.9980	0.9983	0.9989	0.9985	0.9983	0.9990	0.9996	0.9994	0.9989	0.9983	0.5813	0.9992	0.9989	0.9993	0.9986	0.6921	1.0000	0.9991	0.9987	0.9987
0.9985	0.9986	0.9987	0.9989	0.9983	0.9989	0.9991	0.9993	0.9988	0.9987	0.5811	0.9990	0.9987	0.9993	0.9989	0.6921	0.9991	1.0000	0.9989	0.9986
0.9980	0.9981	0.9988	0.9984	0.9979	0.9985	0.9987	0.9988	0.9988	0.9985	0.5813	0.9986	0.9988	0.9988	0.9984	0.6922	0.9987	0.9989	1.0000	0.9983
0.9984	0.9979	0.9984	0.9991	0.9978	0.9984	0.9986	0.9987	0.9985	0.9989	0.5813	0.9985	0.9984	0.9988	0.9992	0.6920	0.9987	0.9986	0.9983	1.0000
