-------------------------------------------------------------------------------
 L       Percentage of nodes in the largest component
 D       Percentage of nodes in components of size at most 3 [-div option]
 R       Percentage of nodes not in L or D: 100 - L -D
 S       Percentage of nodes that are singletons
 E       Fraction of edges retained (input graph has 380)
 cce     Expected size of component, nodewise [ sum(sz^2) / sum^2(sz) ]
 EW      Edge weight traits (mean, median and IQR)
 ND      Node degree traits [mean, median and IQR]
 CCF     Clustering coefficient (scale 1-100)
 eff     Induced component efficiency relative to start graph (scale 1-1000)
Total number of nodes: 20
----------------------------------------------------------------------------------------------
  L   D   R   S     E     cce  EWmean   EWmed   EWiqr  NDmean   NDmed  NDiqr CCF  eff  Cutoff 
----------------------------------------------------------------------------------------------
100   0   0   0 1.000      20    0.93    1.00    0.00    19.0    19.5    0.5   -    -     0.50
100   0   0   0 0.995      20    0.93    1.00    0.00    18.9    19.5    0.5   -    -     0.51
100   0   0   0 0.995      20    0.93    1.00    0.00    18.9    19.5    0.5   -    -     0.52
100   0   0   0 0.995      20    0.93    1.00    0.00    18.9    19.5    0.5   -    -     0.53
100   0   0   0 0.995      20    0.93    1.00    0.00    18.9    19.5    0.5   -    -     0.54
100   0   0   0 0.995      20    0.93    1.00    0.00    18.9    19.5    0.5   -    -     0.55
100   0   0   0 0.995      20    0.93    1.00    0.00    18.9    19.5    0.5   -    -     0.56
100   0   0   0 0.995      20    0.93    1.00    0.00    18.9    19.5    0.5   -    -     0.57
100   0   0   0 0.995      20    0.93    1.00    0.00    18.9    19.5    0.5   -    -     0.58
 95   5   0   5 0.900      18    0.97    1.00    0.00    17.1    18.5    0.5   -    -     0.59
 95   5   0   5 0.900      18    0.97    1.00    0.00    17.1    18.5    0.5   -    -     0.60
 95   5   0   5 0.900      18    0.97    1.00    0.00    17.1    18.5    0.5   -    -     0.61
 95   5   0   5 0.900      18    0.97    1.00    0.00    17.1    18.5    0.5   -    -     0.62
 95   5   0   5 0.900      18    0.97    1.00    0.00    17.1    18.5    0.5   -    -     0.63
 95   5   0   5 0.900      18    0.97    1.00    0.00    17.1    18.5    0.5   -    -     0.64
 95   5   0   5 0.900      18    0.97    1.00    0.00    17.1    18.5    0.5   -    -     0.65
 95   5   0   5 0.900      18    0.97    1.00    0.00    17.1    18.5    0.5   -    -     0.66
 95   5   0   5 0.900      18    0.97    1.00    0.00    17.1    18.5    0.5   -    -     0.67
 95   5   0   5 0.900      18    0.97    1.00    0.00    17.1    18.5    0.5   -    -     0.68
 95   5   0   5 0.900      18    0.97    1.00    0.00    17.1    18.5    0.5   -    -     0.69
 90  10   0  10 0.805      16    1.00    1.00    0.00    15.3    17.5    0.5   -    -     0.70
 90  10   0  10 0.805      16    1.00    1.00    0.00    15.3    17.5    0.5   -    -     0.71
 90  10   0  10 0.805      16    1.00    1.00    0.00    15.3    17.5    0.5   -    -     0.72
 90  10   0  10 0.805      16    1.00    1.00    0.00    15.3    17.5    0.5   -    -     0.73
 90  10   0  10 0.805      16    1.00    1.00    0.00    15.3    17.5    0.5   -    -     0.74
 90  10   0  10 0.805      16    1.00    1.00    0.00    15.3    17.5    0.5   -    -     0.75
 90  10   0  10 0.805      16    1.00    1.00    0.00    15.3    17.5    0.5   -    -     0.76
 90  10   0  10 0.805      16    1.00    1.00    0.00    15.3    17.5    0.5   -    -     0.77
 90  10   0  10 0.805      16    1.00    1.00    0.00    15.3    17.5    0.5   -    -     0.78
 90  10   0  10 0.805      16    1.00    1.00    0.00    15.3    17.5    0.5   -    -     0.79
 90  10   0  10 0.805      16    1.00    1.00    0.00    15.3    17.5    0.5   -    -     0.80
 90  10   0  10 0.805      16    1.00    1.00    0.00    15.3    17.5    0.5   -    -     0.81
 90  10   0  10 0.805      16    1.00    1.00    0.00    15.3    17.5    0.5   -    -     0.82
 90  10   0  10 0.805      16    1.00    1.00    0.00    15.3    17.5    0.5   -    -     0.83
 90  10   0  10 0.805      16    1.00    1.00    0.00    15.3    17.5    0.5   -    -     0.84
 90  10   0  10 0.805      16    1.00    1.00    0.00    15.3    17.5    0.5   -    -     0.85
 90  10   0  10 0.805      16    1.00    1.00    0.00    15.3    17.5    0.5   -    -     0.86
 90  10   0  10 0.805      16    1.00    1.00    0.00    15.3    17.5    0.5   -    -     0.87
 90  10   0  10 0.805      16    1.00    1.00    0.00    15.3    17.5    0.5   -    -     0.88
 90  10   0  10 0.805      16    1.00    1.00    0.00    15.3    17.5    0.5   -    -     0.89
 90  10   0  10 0.805      16    1.00    1.00    0.00    15.3    17.5    0.5   -    -     0.90
 90  10   0  10 0.805      16    1.00    1.00    0.00    15.3    17.5    0.5   -    -     0.91
 90  10   0  10 0.805      16    1.00    1.00    0.00    15.3    17.5    0.5   -    -     0.92
 90  10   0  10 0.805      16    1.00    1.00    0.00    15.3    17.5    0.5   -    -     0.93
 90  10   0  10 0.805      16    1.00    1.00    0.00    15.3    17.5    0.5   -    -     0.94
 90  10   0  10 0.805      16    1.00    1.00    0.00    15.3    17.5    0.5   -    -     0.95
 90  10   0  10 0.805      16    1.00    1.00    0.00    15.3    17.5    0.5   -    -     0.96
 90  10   0  10 0.805      16    1.00    1.00    0.00    15.3    17.5    0.5   -    -     0.97
 90  10   0  10 0.805      16    1.00    1.00    0.00    15.3    17.5    0.5   -    -     0.98
 90  10   0  10 0.805      16    1.00    1.00    0.00    15.3    17.5    0.5   -    -     0.99
---------------------------------------------------------------------------------------------
