-------------------------------------------------------------------------------
 L       Percentage of nodes in the largest component
 D       Percentage of nodes in components of size at most 3 [-div option]
 R       Percentage of nodes not in L or D: 100 - L -D
 S       Percentage of nodes that are singletons
 E       Fraction of edges retained (input graph has 380)
 cce     Expected size of component, nodewise [ sum(sz^2) / sum^2(sz) ]
 EW      Edge weight traits (mean, median and IQR)
 ND      Node degree traits [mean, median and IQR]
 CCF     Clustering coefficient (scale 1-100)
 eff     Induced component efficiency relative to start graph (scale 1-1000)
Total number of nodes: 20
----------------------------------------------------------------------------------------------
  L   D   R   S     E     cce  EWmean   EWmed   EWiqr  NDmean   NDmed  NDiqr CCF  eff  Cutoff 
----------------------------------------------------------------------------------------------
100   0   0   0 1.000      20    0.78    0.75    0.10    19.0    19.5    0.5   -    -     0.50
100   0   0   0 1.000      20    0.78    0.75    0.10    19.0    19.5    0.5   -    -     0.51
100   0   0   0 1.000      20    0.78    0.75    0.10    19.0    19.5    0.5   -    -     0.52
100   0   0   0 1.000      20    0.78    0.75    0.10    19.0    19.5    0.5   -    -     0.53
100   0   0   0 1.000      20    0.78    0.75    0.10    19.0    19.5    0.5   -    -     0.54
100   0   0   0 1.000      20    0.78    0.75    0.10    19.0    19.5    0.5   -    -     0.55
100   0   0   0 1.000      20    0.78    0.75    0.10    19.0    19.5    0.5   -    -     0.56
100   0   0   0 1.000      20    0.78    0.75    0.10    19.0    19.5    0.5   -    -     0.57
100   0   0   0 1.000      20    0.78    0.75    0.10    19.0    19.5    0.5   -    -     0.58
100   0   0   0 1.000      20    0.78    0.75    0.10    19.0    19.5    0.5   -    -     0.59
100   0   0   0 1.000      20    0.78    0.75    0.10    19.0    19.5    0.5   -    -     0.60
100   0   0   0 1.000      20    0.78    0.75    0.10    19.0    19.5    0.5   -    -     0.61
100   0   0   0 1.000      20    0.78    0.75    0.10    19.0    19.5    0.5   -    -     0.62
100   0   0   0 1.000      20    0.78    0.75    0.10    19.0    19.5    0.5   -    -     0.63
100   0   0   0 1.000      20    0.78    0.75    0.10    19.0    19.5    0.5   -    -     0.64
100   0   0   0 0.989      20    0.78    0.75    0.10    18.8    19.5    0.5   -    -     0.65
100   0   0   0 0.984      20    0.78    0.75    0.10    18.7    19.5    0.5   -    -     0.66
100   0   0   0 0.968      20    0.79    0.75    0.10    18.4    19.5    1.5   -    -     0.67
100   0   0   0 0.926      20    0.79    0.75    0.10    17.6    18.5    2.5   -    -     0.68
100   0   0   0 0.900      20    0.79    0.76    0.11    17.1    18.5    2.5   -    -     0.69
100   0   0   0 0.868      20    0.80    0.76    0.10    16.5    17.5    3.5   -    -     0.70
100   0   0   0 0.826      20    0.80    0.77    0.10    15.7    17.5    4.5   -    -     0.71
100   0   0   0 0.705      20    0.82    0.80    0.14    13.4    16.5    5.5   -    -     0.72
100   0   0   0 0.642      20    0.83    0.81    0.15    12.2    14.5    4.5   -    -     0.73
100   0   0   0 0.574      20    0.84    0.81    0.15    10.9    12.5    2.5   -    -     0.74
 95   5   0   5 0.463      18    0.86    0.83    0.12     8.8    11.5    7.5   -    -     0.75
 95   5   0   5 0.453      18    0.86    0.83    0.14     8.6    11.5    7.5   -    -     0.76
 60   5  35   5 0.405      10    0.87    0.84    0.14     7.7    11.5    7.5   -    -     0.77
 60   5  35   5 0.405      10    0.87    0.84    0.14     7.7    11.5    7.5   -    -     0.78
 60   5  35   5 0.379      10    0.88    0.84    0.13     7.2    10.5    7.5   -    -     0.79
 60   5  35   5 0.347      10    0.89    0.89    0.15     6.6     7.5    6.5   -    -     0.80
 60  10  30  10 0.289       9    0.90    0.91    0.14     5.5     5.5    3.5   -    -     0.81
 55  15  30  15 0.242       8    0.92    0.92    0.12     4.6     4.5    4.5   -    -     0.82
 55  15  30  15 0.232       8    0.92    0.93    0.08     4.4     4.5    4.5   -    -     0.83
 40  30  30  15 0.195       6    0.94    0.95    0.07     3.7     2.5    5.5   -    -     0.84
 40  60   0  20 0.184       5    0.95    0.96    0.06     3.5     2.5    6.5   -    -     0.85
 40  60   0  30 0.179       4    0.95    0.96    0.06     3.4     2.5    7.5   -    -     0.86
 40  60   0  30 0.179       4    0.95    0.96    0.06     3.4     2.5    7.5   -    -     0.87
 40  60   0  30 0.179       4    0.95    0.96    0.06     3.4     2.5    7.5   -    -     0.88
 40  60   0  30 0.168       4    0.95    0.97    0.06     3.2     2.5    6.5   -    -     0.89
 40  60   0  35 0.147       4    0.96    0.97    0.04     2.8     2.5    6.5   -    -     0.90
 40  60   0  35 0.147       4    0.96    0.97    0.04     2.8     2.5    6.5   -    -     0.91
 40  60   0  35 0.126       4    0.97    0.97    0.02     2.4     1.5    5.5   -    -     0.92
 40  60   0  35 0.116       4    0.97    0.98    0.02     2.2     1.5    5.5   -    -     0.93
 40  60   0  35 0.116       4    0.97    0.98    0.02     2.2     1.5    5.5   -    -     0.94
 30  70   0  40 0.095       3    0.98    0.98    0.01     1.8     1.5    5.5   -    -     0.95
 30  70   0  40 0.095       3    0.98    0.98    0.01     1.8     1.5    5.5   -    -     0.96
 30  70   0  50 0.074       3    0.98    0.98    0.01     1.4     0.5    2.5   -    -     0.97
 30  70   0  60 0.047       3    0.99    0.98    0.01     0.9     0.5    1.5   -    -     0.98
  0 100   0  60 0.021       1    0.99    0.99    0.01     0.4     0.5    1.5   -    -     0.99
---------------------------------------------------------------------------------------------
