1.0000 0.7230 0.7881 0.7250 0.6306 0.7304 0.8059 0.8169 0.6797 0.6543 0.8052 0.6869 0.6147 0.6294 0.7991 0.8053 0.6349 0.7235 0.7235 0.7820
0.7230 1.0000 0.7158 0.7908 0.5729 0.6593 0.7666 0.7768 0.6555 0.6086 0.7349 0.7599 0.6756 0.6635 0.7326 0.7350 0.5979 0.7816 0.7819 0.7365
0.7881 0.7158 1.0000 0.7382 0.6054 0.7117 0.8025 0.8242 0.7083 0.6758 0.8088 0.6939 0.6278 0.6524 0.8145 0.8092 0.6400 0.7356 0.7357 0.7940
0.7250 0.7908 0.7382 1.0000 0.5880 0.7479 0.7586 0.7680 0.7159 0.6737 0.8094 0.8093 0.7257 0.7450 0.8148 0.8087 0.6706 0.9681 0.9686 0.7610
0.6306 0.5729 0.6054 0.5880 1.0000 0.6508 0.6377 0.6220 0.6533 0.6814 0.6244 0.5592 0.5393 0.6206 0.6276 0.6234 0.6582 0.5914 0.5912 0.6112
0.7304 0.6593 0.7117 0.7479 0.6508 1.0000 0.7390 0.7298 0.7137 0.7557 0.7903 0.6940 0.6746 0.6932 0.8046 0.7879 0.7763 0.7610 0.7606 0.7300
0.8059 0.7666 0.8025 0.7586 0.6377 0.7390 1.0000 0.9344 0.7365 0.6948 0.8434 0.7111 0.6132 0.6741 0.8444 0.8427 0.6512 0.7512 0.7513 0.8314
0.8169 0.7768 0.8242 0.7680 0.6220 0.7298 0.9344 1.0000 0.7132 0.6736 0.8566 0.7190 0.6238 0.6546 0.8577 0.8570 0.6332 0.7605 0.7607 0.8181
0.6797 0.6555 0.7083 0.7159 0.6533 0.7137 0.7365 0.7132 1.0000 0.7786 0.7441 0.6755 0.6125 0.7873 0.7501 0.7427 0.8103 0.7137 0.7138 0.7419
0.6543 0.6086 0.6758 0.6737 0.6814 0.7557 0.6948 0.6736 0.7786 1.0000 0.7112 0.6339 0.6352 0.7455 0.7196 0.7093 0.7838 0.6818 0.6815 0.6842
0.8052 0.7349 0.8088 0.8094 0.6244 0.7903 0.8434 0.8566 0.7441 0.7112 1.0000 0.7583 0.6527 0.6878 0.9469 0.9955 0.6754 0.8075 0.8075 0.8023
0.6869 0.7599 0.6939 0.8093 0.5592 0.6940 0.7111 0.7190 0.6755 0.6339 0.7583 1.0000 0.7218 0.6793 0.7605 0.7581 0.6270 0.8051 0.8052 0.7126
0.6147 0.6756 0.6278 0.7257 0.5393 0.6746 0.6132 0.6238 0.6125 0.6352 0.6527 0.7218 1.0000 0.6541 0.6584 0.6519 0.6343 0.7349 0.7346 0.6168
0.6294 0.6635 0.6524 0.7450 0.6206 0.6932 0.6741 0.6546 0.7873 0.7455 0.6878 0.6793 0.6541 1.0000 0.6921 0.6862 0.7530 0.7490 0.7490 0.6807
0.7991 0.7326 0.8145 0.8148 0.6276 0.8046 0.8444 0.8577 0.7501 0.7196 0.9469 0.7605 0.6584 0.6921 1.0000 0.9459 0.6843 0.8136 0.8136 0.8075
0.8053 0.7350 0.8092 0.8087 0.6234 0.7879 0.8427 0.8570 0.7427 0.7093 0.9955 0.7581 0.6519 0.6862 0.9459 1.0000 0.6735 0.8067 0.8067 0.8015
0.6349 0.5979 0.6400 0.6706 0.6582 0.7763 0.6512 0.6332 0.8103 0.7838 0.6754 0.6270 0.6343 0.7530 0.6843 0.6735 1.0000 0.6794 0.6791 0.6667
0.7235 0.7816 0.7356 0.9681 0.5914 0.7610 0.7512 0.7605 0.7137 0.6818 0.8075 0.8051 0.7349 0.7490 0.8136 0.8067 0.6794 1.0000 0.9989 0.7565
0.7235 0.7819 0.7357 0.9686 0.5912 0.7606 0.7513 0.7607 0.7138 0.6815 0.8075 0.8052 0.7346 0.7490 0.8136 0.8067 0.6791 0.9989 1.0000 0.7566
0.7820 0.7365 0.7940 0.7610 0.6112 0.7300 0.8314 0.8181 0.7419 0.6842 0.8023 0.7126 0.6168 0.6807 0.8075 0.8015 0.6667 0.7565 0.7566 1.0000
