-------------------------------------------------------------------------------
 L       Percentage of nodes in the largest component
 D       Percentage of nodes in components of size at most 3 [-div option]
 R       Percentage of nodes not in L or D: 100 - L -D
 S       Percentage of nodes that are singletons
 E       Fraction of edges retained (input graph has 380)
 cce     Expected size of component, nodewise [ sum(sz^2) / sum^2(sz) ]
 EW      Edge weight traits (mean, median and IQR)
 ND      Node degree traits [mean, median and IQR]
 CCF     Clustering coefficient (scale 1-100)
 eff     Induced component efficiency relative to start graph (scale 1-1000)
Total number of nodes: 20
----------------------------------------------------------------------------------------------
  L   D   R   S     E     cce  EWmean   EWmed   EWiqr  NDmean   NDmed  NDiqr CCF  eff  Cutoff 
----------------------------------------------------------------------------------------------
100   0   0   0 1.000      20    0.73    0.72    0.09    19.0    19.5    0.5   -    -     0.50
100   0   0   0 1.000      20    0.73    0.72    0.09    19.0    19.5    0.5   -    -     0.51
100   0   0   0 1.000      20    0.73    0.72    0.09    19.0    19.5    0.5   -    -     0.52
100   0   0   0 1.000      20    0.73    0.72    0.09    19.0    19.5    0.5   -    -     0.53
100   0   0   0 1.000      20    0.73    0.72    0.09    19.0    19.5    0.5   -    -     0.54
100   0   0   0 1.000      20    0.73    0.72    0.09    19.0    19.5    0.5   -    -     0.55
100   0   0   0 1.000      20    0.73    0.72    0.09    19.0    19.5    0.5   -    -     0.56
100   0   0   0 0.989      20    0.74    0.72    0.09    18.8    19.5    0.5   -    -     0.57
100   0   0   0 0.984      20    0.74    0.72    0.09    18.7    19.5    0.5   -    -     0.58
100   0   0   0 0.979      20    0.74    0.72    0.09    18.6    19.5    0.5   -    -     0.59
100   0   0   0 0.974      20    0.74    0.72    0.08    18.5    19.5    1.5   -    -     0.60
100   0   0   0 0.968      20    0.74    0.72    0.08    18.4    19.5    1.5   -    -     0.61
100   0   0   0 0.958      20    0.74    0.72    0.09    18.2    19.5    2.5   -    -     0.62
100   0   0   0 0.942      20    0.74    0.72    0.09    17.9    19.5    2.5   -    -     0.63
100   0   0   0 0.900      20    0.75    0.72    0.08    17.1    18.5    2.5   -    -     0.64
100   0   0   0 0.874      20    0.75    0.73    0.09    16.6    17.5    3.5   -    -     0.65
100   0   0   0 0.821      20    0.76    0.74    0.09    15.6    16.5    4.5   -    -     0.66
100   0   0   0 0.795      20    0.76    0.74    0.09    15.1    15.5    4.5   -    -     0.67
100   0   0   0 0.721      20    0.77    0.74    0.10    13.7    14.5    5.5   -    -     0.68
100   0   0   0 0.684      20    0.77    0.75    0.10    13.0    13.5    5.5   -    -     0.69
100   0   0   0 0.626      20    0.78    0.75    0.10    11.9    13.5    6.5   -    -     0.70
100   0   0   0 0.558      20    0.79    0.76    0.09    10.6    12.5    6.5   -    -     0.71
100   0   0   0 0.468      20    0.80    0.77    0.09     8.9     9.5    7.5   -    -     0.72
100   0   0   0 0.421      20    0.81    0.79    0.09     8.0     8.5    6.5   -    -     0.73
100   0   0   0 0.416      20    0.81    0.79    0.09     7.9     8.5    7.5   -    -     0.74
 85  15   0   0 0.332      15    0.83    0.82    0.08     6.3     7.5    6.5   -    -     0.75
 60  20  20   5 0.279       9    0.84    0.82    0.05     5.3     5.5    7.5   -    -     0.76
 60  20  20   5 0.242       9    0.86    0.84    0.03     4.6     4.5    5.5   -    -     0.77
 60  20  20   5 0.221       9    0.86    0.84    0.10     4.2     4.5    5.5   -    -     0.78
 60  40   0  10 0.216       8    0.87    0.84    0.10     4.1     4.5    5.5   -    -     0.79
 60  40   0  15 0.200       8    0.87    0.84    0.12     3.8     3.5    6.5   -    -     0.80
 55  45   0  20 0.195       7    0.87    0.84    0.12     3.7     3.5    6.5   -    -     0.81
 50  50   0  25 0.137       6    0.90    0.85    0.14     2.6     2.5    4.5   -    -     0.82
 50  50   0  25 0.132       6    0.90    0.85    0.14     2.5     2.5    4.5   -    -     0.83
 30  70   0  30 0.111       3    0.91    0.92    0.14     2.1     1.5    5.5   -    -     0.84
  0 100   0  35 0.058       2    0.98    0.98    0.04     1.1     1.5    2.5   -    -     0.85
  0 100   0  35 0.058       2    0.98    0.98    0.04     1.1     1.5    2.5   -    -     0.86
  0 100   0  35 0.058       2    0.98    0.98    0.04     1.1     1.5    2.5   -    -     0.87
  0 100   0  35 0.058       2    0.98    0.98    0.04     1.1     1.5    2.5   -    -     0.88
  0 100   0  35 0.058       2    0.98    0.98    0.04     1.1     1.5    2.5   -    -     0.89
  0 100   0  35 0.058       2    0.98    0.98    0.04     1.1     1.5    2.5   -    -     0.90
  0 100   0  35 0.058       2    0.98    0.98    0.04     1.1     1.5    2.5   -    -     0.91
  0 100   0  35 0.053       2    0.98    0.99    0.02     1.0     1.5    2.5   -    -     0.92
  0 100   0  35 0.053       2    0.98    0.99    0.02     1.0     1.5    2.5   -    -     0.93
  0 100   0  50 0.042       2    0.99    1.00    0.01     0.8     0.5    2.5   -    -     0.94
  0 100   0  50 0.042       2    0.99    1.00    0.01     0.8     0.5    2.5   -    -     0.95
  0 100   0  50 0.042       2    0.99    1.00    0.01     0.8     0.5    2.5   -    -     0.96
  0 100   0  50 0.042       2    0.99    1.00    0.01     0.8     0.5    2.5   -    -     0.97
  0 100   0  60 0.037       2    0.99    1.00    0.01     0.7     0.5    2.5   -    -     0.98
  0 100   0  65 0.026       2    1.00    1.00    0.00     0.5     0.5    1.5   -    -     0.99
---------------------------------------------------------------------------------------------
