-------------------------------------------------------------------------------
 L       Percentage of nodes in the largest component
 D       Percentage of nodes in components of size at most 3 [-div option]
 R       Percentage of nodes not in L or D: 100 - L -D
 S       Percentage of nodes that are singletons
 E       Fraction of edges retained (input graph has 380)
 cce     Expected size of component, nodewise [ sum(sz^2) / sum^2(sz) ]
 EW      Edge weight traits (mean, median and IQR)
 ND      Node degree traits [mean, median and IQR]
 CCF     Clustering coefficient (scale 1-100)
 eff     Induced component efficiency relative to start graph (scale 1-1000)
Total number of nodes: 20
----------------------------------------------------------------------------------------------
  L   D   R   S     E     cce  EWmean   EWmed   EWiqr  NDmean   NDmed  NDiqr CCF  eff  Cutoff 
----------------------------------------------------------------------------------------------
 20  80   0  80 0.032       2    1.00    1.00    0.00     0.6     0.5    0.5   -    -     0.50
 20  80   0  80 0.032       2    1.00    1.00    0.00     0.6     0.5    0.5   -    -     0.51
 20  80   0  80 0.032       2    1.00    1.00    0.00     0.6     0.5    0.5   -    -     0.52
 20  80   0  80 0.032       2    1.00    1.00    0.00     0.6     0.5    0.5   -    -     0.53
 20  80   0  80 0.032       2    1.00    1.00    0.00     0.6     0.5    0.5   -    -     0.54
 20  80   0  80 0.032       2    1.00    1.00    0.00     0.6     0.5    0.5   -    -     0.55
 20  80   0  80 0.032       2    1.00    1.00    0.00     0.6     0.5    0.5   -    -     0.56
 20  80   0  80 0.032       2    1.00    1.00    0.00     0.6     0.5    0.5   -    -     0.57
 20  80   0  80 0.032       2    1.00    1.00    0.00     0.6     0.5    0.5   -    -     0.58
 20  80   0  80 0.032       2    1.00    1.00    0.00     0.6     0.5    0.5   -    -     0.59
 20  80   0  80 0.032       2    1.00    1.00    0.00     0.6     0.5    0.5   -    -     0.60
 20  80   0  80 0.032       2    1.00    1.00    0.00     0.6     0.5    0.5   -    -     0.61
 20  80   0  80 0.032       2    1.00    1.00    0.00     0.6     0.5    0.5   -    -     0.62
 20  80   0  80 0.032       2    1.00    1.00    0.00     0.6     0.5    0.5   -    -     0.63
 20  80   0  80 0.032       2    1.00    1.00    0.00     0.6     0.5    0.5   -    -     0.64
 20  80   0  80 0.032       2    1.00    1.00    0.00     0.6     0.5    0.5   -    -     0.65
 20  80   0  80 0.032       2    1.00    1.00    0.00     0.6     0.5    0.5   -    -     0.66
 20  80   0  80 0.032       2    1.00    1.00    0.00     0.6     0.5    0.5   -    -     0.67
 20  80   0  80 0.032       2    1.00    1.00    0.00     0.6     0.5    0.5   -    -     0.68
 20  80   0  80 0.032       2    1.00    1.00    0.00     0.6     0.5    0.5   -    -     0.69
 20  80   0  80 0.032       2    1.00    1.00    0.00     0.6     0.5    0.5   -    -     0.70
 20  80   0  80 0.032       2    1.00    1.00    0.00     0.6     0.5    0.5   -    -     0.71
 20  80   0  80 0.032       2    1.00    1.00    0.00     0.6     0.5    0.5   -    -     0.72
 20  80   0  80 0.032       2    1.00    1.00    0.00     0.6     0.5    0.5   -    -     0.73
 20  80   0  80 0.032       2    1.00    1.00    0.00     0.6     0.5    0.5   -    -     0.74
 20  80   0  80 0.032       2    1.00    1.00    0.00     0.6     0.5    0.5   -    -     0.75
 20  80   0  80 0.032       2    1.00    1.00    0.00     0.6     0.5    0.5   -    -     0.76
 20  80   0  80 0.032       2    1.00    1.00    0.00     0.6     0.5    0.5   -    -     0.77
 20  80   0  80 0.032       2    1.00    1.00    0.00     0.6     0.5    0.5   -    -     0.78
 20  80   0  80 0.032       2    1.00    1.00    0.00     0.6     0.5    0.5   -    -     0.79
 20  80   0  80 0.032       2    1.00    1.00    0.00     0.6     0.5    0.5   -    -     0.80
 20  80   0  80 0.032       2    1.00    1.00    0.00     0.6     0.5    0.5   -    -     0.81
 20  80   0  80 0.032       2    1.00    1.00    0.00     0.6     0.5    0.5   -    -     0.82
 20  80   0  80 0.032       2    1.00    1.00    0.00     0.6     0.5    0.5   -    -     0.83
 20  80   0  80 0.032       2    1.00    1.00    0.00     0.6     0.5    0.5   -    -     0.84
 20  80   0  80 0.032       2    1.00    1.00    0.00     0.6     0.5    0.5   -    -     0.85
 20  80   0  80 0.032       2    1.00    1.00    0.00     0.6     0.5    0.5   -    -     0.86
 20  80   0  80 0.032       2    1.00    1.00    0.00     0.6     0.5    0.5   -    -     0.87
 20  80   0  80 0.032       2    1.00    1.00    0.00     0.6     0.5    0.5   -    -     0.88
 20  80   0  80 0.032       2    1.00    1.00    0.00     0.6     0.5    0.5   -    -     0.89
 20  80   0  80 0.032       2    1.00    1.00    0.00     0.6     0.5    0.5   -    -     0.90
 20  80   0  80 0.032       2    1.00    1.00    0.00     0.6     0.5    0.5   -    -     0.91
 20  80   0  80 0.032       2    1.00    1.00    0.00     0.6     0.5    0.5   -    -     0.92
 20  80   0  80 0.032       2    1.00    1.00    0.00     0.6     0.5    0.5   -    -     0.93
 20  80   0  80 0.032       2    1.00    1.00    0.00     0.6     0.5    0.5   -    -     0.94
 20  80   0  80 0.032       2    1.00    1.00    0.00     0.6     0.5    0.5   -    -     0.95
 20  80   0  80 0.032       2    1.00    1.00    0.00     0.6     0.5    0.5   -    -     0.96
 20  80   0  80 0.032       2    1.00    1.00    0.00     0.6     0.5    0.5   -    -     0.97
 20  80   0  80 0.032       2    1.00    1.00    0.00     0.6     0.5    0.5   -    -     0.98
 20  80   0  80 0.032       2    1.00    1.00    0.00     0.6     0.5    0.5   -    -     0.99
---------------------------------------------------------------------------------------------
