1.0000 0.9992 0.7531 0.6403 0.7532 0.7526 0.7532 0.6477 0.6345 0.7531 0.7532 0.6203 0.7531 0.9988 0.7530 0.7531 0.7528 0.7532 0.7592 0.7535
0.9992 1.0000 0.7532 0.6403 0.7532 0.7526 0.7532 0.6477 0.6346 0.7531 0.7532 0.6204 0.7531 0.9987 0.7531 0.7532 0.7529 0.7533 0.7592 0.7535
0.7531 0.7532 1.0000 0.7453 0.9990 0.9969 0.9994 0.7586 0.7378 0.9897 0.9989 0.7194 0.9987 0.7531 0.9979 0.9994 0.9973 0.9993 0.7797 0.9886
0.6403 0.6403 0.7453 1.0000 0.7453 0.7458 0.7453 0.7929 0.9778 0.7455 0.7453 0.9340 0.7454 0.6402 0.7452 0.7453 0.7457 0.7452 0.6621 0.7452
0.7532 0.7532 0.9990 0.7453 1.0000 0.9966 0.9991 0.7586 0.7378 0.9900 0.9992 0.7195 0.9992 0.7531 0.9977 0.9993 0.9975 0.9991 0.7796 0.9890
0.7526 0.7526 0.9969 0.7458 0.9966 1.0000 0.9968 0.7591 0.7383 0.9899 0.9967 0.7199 0.9966 0.7526 0.9961 0.9969 0.9972 0.9967 0.7796 0.9883
0.7532 0.7532 0.9994 0.7453 0.9991 0.9968 1.0000 0.7586 0.7378 0.9897 0.9992 0.7194 0.9987 0.7531 0.9979 0.9995 0.9974 0.9993 0.7797 0.9886
0.6477 0.6477 0.7586 0.7929 0.7586 0.7591 0.7586 1.0000 0.7828 0.7591 0.7586 0.7604 0.7585 0.6477 0.7586 0.7586 0.7588 0.7586 0.6713 0.7588
0.6345 0.6346 0.7378 0.9778 0.7378 0.7383 0.7378 0.7828 1.0000 0.7381 0.7378 0.9540 0.7379 0.6345 0.7376 0.7378 0.7382 0.7377 0.6557 0.7378
0.7531 0.7531 0.9897 0.7455 0.9900 0.9899 0.9897 0.7591 0.7381 1.0000 0.9900 0.7198 0.9901 0.7531 0.9890 0.9899 0.9905 0.9898 0.7799 0.9963
0.7532 0.7532 0.9989 0.7453 0.9992 0.9967 0.9992 0.7586 0.7378 0.9900 1.0000 0.7195 0.9989 0.7532 0.9976 0.9994 0.9976 0.9991 0.7797 0.9892
0.6203 0.6204 0.7194 0.9340 0.7195 0.7199 0.7194 0.7604 0.9540 0.7198 0.7195 1.0000 0.7195 0.6203 0.7193 0.7195 0.7199 0.7194 0.6401 0.7195
0.7531 0.7531 0.9987 0.7454 0.9992 0.9966 0.9987 0.7585 0.7379 0.9901 0.9989 0.7195 1.0000 0.7530 0.9975 0.9990 0.9976 0.9987 0.7795 0.9892
0.9988 0.9987 0.7531 0.6402 0.7531 0.7526 0.7531 0.6477 0.6345 0.7531 0.7532 0.6203 0.7530 1.0000 0.7530 0.7531 0.7528 0.7532 0.7592 0.7534
0.7530 0.7531 0.9979 0.7452 0.9977 0.9961 0.9979 0.7586 0.7376 0.9890 0.9976 0.7193 0.9975 0.7530 1.0000 0.9978 0.9962 0.9979 0.7795 0.9879
0.7531 0.7532 0.9994 0.7453 0.9993 0.9969 0.9995 0.7586 0.7378 0.9899 0.9994 0.7195 0.9990 0.7531 0.9978 1.0000 0.9976 0.9992 0.7797 0.9889
0.7528 0.7529 0.9973 0.7457 0.9975 0.9972 0.9974 0.7588 0.7382 0.9905 0.9976 0.7199 0.9976 0.7528 0.9962 0.9976 1.0000 0.9973 0.7791 0.9894
0.7532 0.7533 0.9993 0.7452 0.9991 0.9967 0.9993 0.7586 0.7377 0.9898 0.9991 0.7194 0.9987 0.7532 0.9979 0.9992 0.9973 1.0000 0.7797 0.9888
0.7592 0.7592 0.7797 0.6621 0.7796 0.7796 0.7797 0.6713 0.6557 0.7799 0.7797 0.6401 0.7795 0.7592 0.7795 0.7797 0.7791 0.7797 1.0000 0.7800
0.7535 0.7535 0.9886 0.7452 0.9890 0.9883 0.9886 0.7588 0.7378 0.9963 0.9892 0.7195 0.9892 0.7534 0.9879 0.9889 0.9894 0.9888 0.7800 1.0000
