-------------------------------------------------------------------------------
 L       Percentage of nodes in the largest component
 D       Percentage of nodes in components of size at most 3 [-div option]
 R       Percentage of nodes not in L or D: 100 - L -D
 S       Percentage of nodes that are singletons
 E       Fraction of edges retained (input graph has 380)
 cce     Expected size of component, nodewise [ sum(sz^2) / sum^2(sz) ]
 EW      Edge weight traits (mean, median and IQR)
 ND      Node degree traits [mean, median and IQR]
 CCF     Clustering coefficient (scale 1-100)
 eff     Induced component efficiency relative to start graph (scale 1-1000)
Total number of nodes: 20
----------------------------------------------------------------------------------------------
  L   D   R   S     E     cce  EWmean   EWmed   EWiqr  NDmean   NDmed  NDiqr CCF  eff  Cutoff 
----------------------------------------------------------------------------------------------
100   0   0   0 1.000      20    0.74    0.73    0.08    19.0    19.5    0.5   -    -     0.50
100   0   0   0 1.000      20    0.74    0.73    0.08    19.0    19.5    0.5   -    -     0.51
100   0   0   0 1.000      20    0.74    0.73    0.08    19.0    19.5    0.5   -    -     0.52
100   0   0   0 1.000      20    0.74    0.73    0.08    19.0    19.5    0.5   -    -     0.53
100   0   0   0 1.000      20    0.74    0.73    0.08    19.0    19.5    0.5   -    -     0.54
100   0   0   0 1.000      20    0.74    0.73    0.08    19.0    19.5    0.5   -    -     0.55
100   0   0   0 1.000      20    0.74    0.73    0.08    19.0    19.5    0.5   -    -     0.56
100   0   0   0 1.000      20    0.74    0.73    0.08    19.0    19.5    0.5   -    -     0.57
100   0   0   0 1.000      20    0.74    0.73    0.08    19.0    19.5    0.5   -    -     0.58
100   0   0   0 1.000      20    0.74    0.73    0.08    19.0    19.5    0.5   -    -     0.59
100   0   0   0 1.000      20    0.74    0.73    0.08    19.0    19.5    0.5   -    -     0.60
100   0   0   0 1.000      20    0.74    0.73    0.08    19.0    19.5    0.5   -    -     0.61
100   0   0   0 1.000      20    0.74    0.73    0.08    19.0    19.5    0.5   -    -     0.62
100   0   0   0 1.000      20    0.74    0.73    0.08    19.0    19.5    0.5   -    -     0.63
100   0   0   0 1.000      20    0.74    0.73    0.08    19.0    19.5    0.5   -    -     0.64
100   0   0   0 0.979      20    0.75    0.73    0.08    18.6    19.5    1.5   -    -     0.65
100   0   0   0 0.963      20    0.75    0.74    0.08    18.3    19.5    1.5   -    -     0.66
100   0   0   0 0.932      20    0.75    0.74    0.08    17.7    18.5    2.5   -    -     0.67
100   0   0   0 0.874      20    0.76    0.75    0.08    16.6    16.5    3.5   -    -     0.68
100   0   0   0 0.795      20    0.76    0.76    0.08    15.1    15.5    3.5   -    -     0.69
100   0   0   0 0.716      20    0.77    0.76    0.07    13.6    14.5    5.5   -    -     0.70
100   0   0   0 0.621      20    0.78    0.77    0.06    11.8    13.5    5.5   -    -     0.71
100   0   0   0 0.579      20    0.78    0.77    0.05    11.0    12.5    7.5   -    -     0.72
100   0   0   0 0.511      20    0.79    0.78    0.05     9.7    12.5    8.5   -    -     0.73
100   0   0   0 0.479      20    0.80    0.78    0.04     9.1    11.5    7.5   -    -     0.74
100   0   0   0 0.426      20    0.80    0.79    0.04     8.1     9.5    6.5   -    -     0.75
100   0   0   0 0.379      20    0.81    0.79    0.05     7.2     8.5    6.5   -    -     0.76
100   0   0   0 0.305      20    0.82    0.80    0.06     5.8     6.5    6.5   -    -     0.77
 95   5   0   5 0.237      18    0.83    0.81    0.07     4.5     4.5    5.5   -    -     0.78
 85  15   0  15 0.195      15    0.84    0.82    0.07     3.7     3.5    5.5   -    -     0.79
 70  30   0  20 0.147      10    0.86    0.84    0.08     2.8     2.5    4.5   -    -     0.80
 45  55   0  35 0.105       5    0.88    0.87    0.06     2.0     1.5    4.5   -    -     0.81
 45  55   0  35 0.105       5    0.88    0.87    0.06     2.0     1.5    4.5   -    -     0.82
 30  70   0  35 0.089       3    0.88    0.89    0.05     1.7     1.5    3.5   -    -     0.83
 25  75   0  45 0.068       2    0.90    0.89    0.04     1.3     1.5    1.5   -    -     0.84
 25  75   0  45 0.068       2    0.90    0.89    0.04     1.3     1.5    1.5   -    -     0.85
 25  75   0  55 0.063       2    0.90    0.89    0.03     1.2     0.5    1.5   -    -     0.86
 25  75   0  65 0.053       2    0.91    0.90    0.04     1.0     0.5    1.5   -    -     0.87
 25  75   0  65 0.047       2    0.91    0.91    0.04     0.9     0.5    1.5   -    -     0.88
 25  75   0  75 0.037       2    0.92    0.92    0.03     0.7     0.5    0.5   -    -     0.89
 20  80   0  80 0.026       2    0.93    0.93    0.03     0.5     0.5    0.5   -    -     0.90
 20  80   0  80 0.026       2    0.93    0.93    0.03     0.5     0.5    0.5   -    -     0.91
 20  80   0  80 0.016       2    0.95    0.95    0.02     0.3     0.5    0.5   -    -     0.92
  0 100   0  80 0.011       1    0.96    0.96    0.02     0.2     0.5    0.5   -    -     0.93
  0 100   0  80 0.011       1    0.96    0.96    0.02     0.2     0.5    0.5   -    -     0.94
  0 100   0  90 0.005       1    0.96    0.96    0.00     0.1     0.5    0.5   -    -     0.95
  0 100   0  90 0.005       1    0.96    0.96    0.00     0.1     0.5    0.5   -    -     0.96
  0 100   0 100 0.000       1    0.00    0.00    0.00     0.0     0.5    0.5   -    -     0.97
  0 100   0 100 0.000       1    0.00    0.00    0.00     0.0     0.5    0.5   -    -     0.98
  0 100   0 100 0.000       1    0.00    0.00    0.00     0.0     0.5    0.5   -    -     0.99
---------------------------------------------------------------------------------------------
