-------------------------------------------------------------------------------
 L       Percentage of nodes in the largest component
 D       Percentage of nodes in components of size at most 3 [-div option]
 R       Percentage of nodes not in L or D: 100 - L -D
 S       Percentage of nodes that are singletons
 E       Fraction of edges retained (input graph has 380)
 cce     Expected size of component, nodewise [ sum(sz^2) / sum^2(sz) ]
 EW      Edge weight traits (mean, median and IQR)
 ND      Node degree traits [mean, median and IQR]
 CCF     Clustering coefficient (scale 1-100)
 eff     Induced component efficiency relative to start graph (scale 1-1000)
Total number of nodes: 20
----------------------------------------------------------------------------------------------
  L   D   R   S     E     cce  EWmean   EWmed   EWiqr  NDmean   NDmed  NDiqr CCF  eff  Cutoff 
----------------------------------------------------------------------------------------------
100   0   0   0 0.763      20    0.59    0.58    0.08    14.5    14.5    4.5   -    -     0.50
100   0   0   0 0.716      20    0.60    0.59    0.07    13.6    13.5    5.5   -    -     0.51
100   0   0   0 0.695      20    0.60    0.59    0.07    13.2    13.5    4.5   -    -     0.52
100   0   0   0 0.663      20    0.60    0.59    0.07    12.6    13.5    4.5   -    -     0.53
100   0   0   0 0.626      20    0.61    0.59    0.06    11.9    12.5    4.5   -    -     0.54
100   0   0   0 0.563      20    0.62    0.60    0.06    10.7    11.5    4.5   -    -     0.55
100   0   0   0 0.505      20    0.62    0.60    0.06     9.6     9.5    2.5   -    -     0.56
100   0   0   0 0.437      20    0.63    0.61    0.07     8.3     8.5    3.5   -    -     0.57
100   0   0   0 0.379      20    0.64    0.62    0.07     7.2     8.5    4.5   -    -     0.58
100   0   0   0 0.326      20    0.65    0.63    0.08     6.2     6.5    3.5   -    -     0.59
100   0   0   0 0.279      20    0.66    0.63    0.07     5.3     6.5    3.5   -    -     0.60
 90  10   0   0 0.226      16    0.67    0.66    0.07     4.3     5.5    3.5   -    -     0.61
 85  15   0   5 0.205      15    0.68    0.66    0.07     3.9     4.5    3.5   -    -     0.62
 75  25   0   5 0.153      12    0.69    0.68    0.05     2.9     3.5    3.5   -    -     0.63
 70  30   0  10 0.132      10    0.70    0.69    0.05     2.5     2.5    3.5   -    -     0.64
 45  30  25  20 0.116       6    0.71    0.70    0.05     2.2     2.5    2.5   -    -     0.65
 25  50  25  25 0.105       3    0.71    0.70    0.04     2.0     2.5    2.5   -    -     0.66
 25  50  25  25 0.095       3    0.72    0.71    0.03     1.8     2.5    2.5   -    -     0.67
 25  50  25  30 0.079       3    0.73    0.71    0.03     1.5     1.5    2.5   -    -     0.68
 25  50  25  30 0.074       3    0.73    0.71    0.03     1.4     1.5    2.5   -    -     0.69
 25  50  25  40 0.058       3    0.74    0.72    0.02     1.1     1.5    2.5   -    -     0.70
 20  80   0  55 0.037       2    0.76    0.73    0.01     0.7     0.5    1.5   -    -     0.71
  0 100   0  60 0.032       2    0.77    0.73    0.01     0.6     0.5    1.5   -    -     0.72
  0 100   0  80 0.011       1    0.87    0.87    0.26     0.2     0.5    0.5   -    -     0.73
  0 100   0  90 0.005       1    1.00    1.00    0.00     0.1     0.5    0.5   -    -     0.74
  0 100   0  90 0.005       1    1.00    1.00    0.00     0.1     0.5    0.5   -    -     0.75
  0 100   0  90 0.005       1    1.00    1.00    0.00     0.1     0.5    0.5   -    -     0.76
  0 100   0  90 0.005       1    1.00    1.00    0.00     0.1     0.5    0.5   -    -     0.77
  0 100   0  90 0.005       1    1.00    1.00    0.00     0.1     0.5    0.5   -    -     0.78
  0 100   0  90 0.005       1    1.00    1.00    0.00     0.1     0.5    0.5   -    -     0.79
  0 100   0  90 0.005       1    1.00    1.00    0.00     0.1     0.5    0.5   -    -     0.80
  0 100   0  90 0.005       1    1.00    1.00    0.00     0.1     0.5    0.5   -    -     0.81
  0 100   0  90 0.005       1    1.00    1.00    0.00     0.1     0.5    0.5   -    -     0.82
  0 100   0  90 0.005       1    1.00    1.00    0.00     0.1     0.5    0.5   -    -     0.83
  0 100   0  90 0.005       1    1.00    1.00    0.00     0.1     0.5    0.5   -    -     0.84
  0 100   0  90 0.005       1    1.00    1.00    0.00     0.1     0.5    0.5   -    -     0.85
  0 100   0  90 0.005       1    1.00    1.00    0.00     0.1     0.5    0.5   -    -     0.86
  0 100   0  90 0.005       1    1.00    1.00    0.00     0.1     0.5    0.5   -    -     0.87
  0 100   0  90 0.005       1    1.00    1.00    0.00     0.1     0.5    0.5   -    -     0.88
  0 100   0  90 0.005       1    1.00    1.00    0.00     0.1     0.5    0.5   -    -     0.89
  0 100   0  90 0.005       1    1.00    1.00    0.00     0.1     0.5    0.5   -    -     0.90
  0 100   0  90 0.005       1    1.00    1.00    0.00     0.1     0.5    0.5   -    -     0.91
  0 100   0  90 0.005       1    1.00    1.00    0.00     0.1     0.5    0.5   -    -     0.92
  0 100   0  90 0.005       1    1.00    1.00    0.00     0.1     0.5    0.5   -    -     0.93
  0 100   0  90 0.005       1    1.00    1.00    0.00     0.1     0.5    0.5   -    -     0.94
  0 100   0  90 0.005       1    1.00    1.00    0.00     0.1     0.5    0.5   -    -     0.95
  0 100   0  90 0.005       1    1.00    1.00    0.00     0.1     0.5    0.5   -    -     0.96
  0 100   0  90 0.005       1    1.00    1.00    0.00     0.1     0.5    0.5   -    -     0.97
  0 100   0  90 0.005       1    1.00    1.00    0.00     0.1     0.5    0.5   -    -     0.98
  0 100   0  90 0.005       1    1.00    1.00    0.00     0.1     0.5    0.5   -    -     0.99
---------------------------------------------------------------------------------------------
