-------------------------------------------------------------------------------
 L       Percentage of nodes in the largest component
 D       Percentage of nodes in components of size at most 3 [-div option]
 R       Percentage of nodes not in L or D: 100 - L -D
 S       Percentage of nodes that are singletons
 E       Fraction of edges retained (input graph has 380)
 cce     Expected size of component, nodewise [ sum(sz^2) / sum^2(sz) ]
 EW      Edge weight traits (mean, median and IQR)
 ND      Node degree traits [mean, median and IQR]
 CCF     Clustering coefficient (scale 1-100)
 eff     Induced component efficiency relative to start graph (scale 1-1000)
Total number of nodes: 20
----------------------------------------------------------------------------------------------
  L   D   R   S     E     cce  EWmean   EWmed   EWiqr  NDmean   NDmed  NDiqr CCF  eff  Cutoff 
----------------------------------------------------------------------------------------------
100   0   0   0 1.000      20    0.83    0.74    0.25    19.0    19.5    0.5   -    -     0.50
100   0   0   0 1.000      20    0.83    0.74    0.25    19.0    19.5    0.5   -    -     0.51
100   0   0   0 1.000      20    0.83    0.74    0.25    19.0    19.5    0.5   -    -     0.52
100   0   0   0 1.000      20    0.83    0.74    0.25    19.0    19.5    0.5   -    -     0.53
100   0   0   0 1.000      20    0.83    0.74    0.25    19.0    19.5    0.5   -    -     0.54
100   0   0   0 1.000      20    0.83    0.74    0.25    19.0    19.5    0.5   -    -     0.55
100   0   0   0 1.000      20    0.83    0.74    0.25    19.0    19.5    0.5   -    -     0.56
100   0   0   0 1.000      20    0.83    0.74    0.25    19.0    19.5    0.5   -    -     0.57
100   0   0   0 0.958      20    0.84    0.74    0.25    18.2    19.5    1.5   -    -     0.58
100   0   0   0 0.958      20    0.84    0.74    0.25    18.2    19.5    1.5   -    -     0.59
100   0   0   0 0.958      20    0.84    0.74    0.25    18.2    19.5    1.5   -    -     0.60
100   0   0   0 0.958      20    0.84    0.74    0.25    18.2    19.5    1.5   -    -     0.61
100   0   0   0 0.958      20    0.84    0.74    0.25    18.2    19.5    1.5   -    -     0.62
100   0   0   0 0.958      20    0.84    0.74    0.25    18.2    19.5    1.5   -    -     0.63
100   0   0   0 0.958      20    0.84    0.74    0.25    18.2    19.5    1.5   -    -     0.64
100   0   0   0 0.958      20    0.84    0.74    0.25    18.2    19.5    1.5   -    -     0.65
100   0   0   0 0.916      20    0.85    0.74    0.25    17.4    18.5    0.5   -    -     0.66
100   0   0   0 0.916      20    0.85    0.74    0.25    17.4    18.5    0.5   -    -     0.67
 95   5   0   5 0.900      18    0.85    0.74    0.25    17.1    18.5    0.5   -    -     0.68
 95   5   0   5 0.900      18    0.85    0.74    0.25    17.1    18.5    0.5   -    -     0.69
 95   5   0   5 0.900      18    0.85    0.74    0.25    17.1    18.5    0.5   -    -     0.70
 95   5   0   5 0.900      18    0.85    0.74    0.25    17.1    18.5    0.5   -    -     0.71
 95   5   0   5 0.774      18    0.87    0.91    0.26    14.7    15.5    3.5   -    -     0.72
 95   5   0   5 0.774      18    0.87    0.91    0.26    14.7    15.5    3.5   -    -     0.73
 95   5   0   5 0.774      18    0.87    0.91    0.26    14.7    15.5    3.5   -    -     0.74
 55   5  40   5 0.437       9    0.97    1.00    0.09     8.3    10.5    3.5   -    -     0.75
 55   5  40   5 0.437       9    0.97    1.00    0.09     8.3    10.5    3.5   -    -     0.76
 55   5  40   5 0.437       9    0.97    1.00    0.09     8.3    10.5    3.5   -    -     0.77
 55   5  40   5 0.437       9    0.97    1.00    0.09     8.3    10.5    3.5   -    -     0.78
 55   5  40   5 0.437       9    0.97    1.00    0.09     8.3    10.5    3.5   -    -     0.79
 55   5  40   5 0.437       9    0.97    1.00    0.09     8.3    10.5    3.5   -    -     0.80
 55   5  40   5 0.437       9    0.97    1.00    0.09     8.3    10.5    3.5   -    -     0.81
 55   5  40   5 0.437       9    0.97    1.00    0.09     8.3    10.5    3.5   -    -     0.82
 55   5  40   5 0.437       9    0.97    1.00    0.09     8.3    10.5    3.5   -    -     0.83
 55   5  40   5 0.437       9    0.97    1.00    0.09     8.3    10.5    3.5   -    -     0.84
 55   5  40   5 0.437       9    0.97    1.00    0.09     8.3    10.5    3.5   -    -     0.85
 55   5  40   5 0.437       9    0.97    1.00    0.09     8.3    10.5    3.5   -    -     0.86
 55   5  40   5 0.437       9    0.97    1.00    0.09     8.3    10.5    3.5   -    -     0.87
 55   5  40   5 0.437       9    0.97    1.00    0.09     8.3    10.5    3.5   -    -     0.88
 55   5  40   5 0.437       9    0.97    1.00    0.09     8.3    10.5    3.5   -    -     0.89
 55   5  40   5 0.437       9    0.97    1.00    0.09     8.3    10.5    3.5   -    -     0.90
 55   5  40   5 0.321       9    0.99    1.00    0.00     6.1     7.5    0.5   -    -     0.91
 40  20  40   5 0.311       7    1.00    1.00    0.00     5.9     7.5    0.5   -    -     0.92
 40  20  40   5 0.311       7    1.00    1.00    0.00     5.9     7.5    0.5   -    -     0.93
 40  20  40   5 0.311       7    1.00    1.00    0.00     5.9     7.5    0.5   -    -     0.94
 40  20  40   5 0.311       7    1.00    1.00    0.00     5.9     7.5    0.5   -    -     0.95
 40  20  40   5 0.311       7    1.00    1.00    0.00     5.9     7.5    0.5   -    -     0.96
 40  20  40   5 0.311       7    1.00    1.00    0.00     5.9     7.5    0.5   -    -     0.97
 40  20  40   5 0.311       7    1.00    1.00    0.00     5.9     7.5    0.5   -    -     0.98
 40  25  35  10 0.274       6    1.00    1.00    0.00     5.2     6.5    1.5   -    -     0.99
---------------------------------------------------------------------------------------------
